86355328642772350 1538860472883100075 1774605657169715995 1151292453472344059
262849069096879411 1446008932121168967 129097306163835072 108836091711002772
1219075798704013759 2208597427570530839 1855699448091131660 1887578633498013437
582657913032780502 1387017860614222013 1972582816457653502 44695571974113586
2093071632935972193 1984147627424406497 1980013089431300120 933942075709640759
1168865384645133458 1880252799308923629 451887256099194539 1169180240735142844
600368123181223514 1575545049942800549 1499403930251390407 1160657418439029388
337551387252181812 690046787950808047 878205781861427339 1219751379919200606
2281810387281122986 1052091965797006543 1931575245979918360 1447084801735181475
108440383209309464 2187647836724840174 1280371476221035209 936739603217962653
1648322131215558941 1776172637735640681 1283334142652149152 213795819723569246
1190961059003244693 966015247956100442 714243321041934162 1897201128434568559
2259106780795604448 335789657671368838 1011227907463226512 2295239341891842439
1964847090320600621 1788341085342733385 507782851879454128 2220487664245830831
1298905101191854411 1191847306329543057 1062028370508331750 232272324059407197
1822220060078469730 1322512044861979036 414226340516776368 889491908039239929
819839509166035034 2161280058729892144 2061197640878063437 614235160694085836
2089946366271864704 1931704774883053226 867852548082097511 926461630666369650
1388531846703138320 1659173006750573072 1006060174951816073 1536221340708245378
1413271093405654106 1754517502992470261 1420365752379725549 1981770937703502961
1016181684646542299 1235109301859234259 979225643806538700 1358497822465122607
902517121453905276 1362196517952457727 53836576905621902 900887147184880692
1866286845101016399 1351543517535880673 1836896638085347615 938371658856258030
578630757479008621 2294894897741189353 1841301341030615631 2204151343293323572
1289277516518423665 643268853857015035 1397540640033028048 99186327477899744
563013755414080494 2169811303721673490 1219644183778127148 2214169161335270270
451633851520007683 867286621908349654 35935293617654325 1756485716391444368
1232791654226206125 2256052984028419422 1753147479960966003 2189389031146457225
1329826715735377346 1248940802963687587 1643316305010011027 1731878422050788207
1342706577889600049 641236164276106628 618778817015439290 330233468391797803
418419276359952417 680504296106869286 469559936622160583 927392718521964364
1962356490975293151 573654432433388640 1861165782782502492 2209876577999557427
1274143291947466384 97705787015254732 195901398517718401 2199726736299735784
206379978302974063 2296369229888052588 955282672513699955 270793928446576828
2160543719615917997 2140566277967031113 23670537655198951 2194718258042683950
1765558399257894756 806823699249247206 1646966094346782434 737151929633677041
507451495524482164 23462959763857708 913367280541901497 1150633377298210406
1444687503190524325 2254462405934791429 592932909855283827 160881600669048410
2197848965507577631 1694307441968794801 1158350839328662949 291229319679258838
94071617281122215 1228725138759762974 166759800546584958 326050653718345840
1455266317917263207 1831610228466400480 910266149650144446 1995266150094605558
146424427716107493 1891665044648355761 1447650228617301131 537616076980807762
1086768708119106247 2085766535158832557 2105118459787137681 1925414879455342548
28308697900991964 1453573018731764866 24539559095252104 1604115292932597081
298749200521705511 1793590485437873636 945061464501887023 1190897131040073229
608394818837312548 954087904461004112 2155857752134739591 1564070058988046320
1208698684000298721 1787932691322705748 1623633226674608297 421277757876598508
176711836377900796 397249955317813681 1707714593384600588 1785511114866417472
186248311250127899 2116557472880530909 1907743993334037400 1703687233247623780
18252590582716488 231238805005973013 366866792088075610 1088743313117851508
784900534223046139 1329857079349863882 904531045236094072 1664503109912992945
1955023332960291704 1050516618264568757 844164286175700038 1350133046646226197
1126764705171277626 2209579088948871288 1577438548466561710 1020538528439889246
1356590754159800230 1833348806114947706 163807634630624253 777084022348458757
1318478113200295124 501953243708506566 1287262501451821927 698921632724436437
1039989871155127552 50254396793500003 778319274556792327 75460099904172568
487999184264349527 742843254563925248 94494274933447017 1230078601056154057
322643680512811388 1429565616372071472 618516351682315911 41802581961944157
255316385664640849 312192331499655408 821776307347036430 1063476142915740918
1018399695368501857 1515585217546457227 39182498498010331 1394246820634820281
1898971949107303391 680417637257671875 471084646745310155 270819773217428922
1781792878340174598 995326613244977596 1861871996010063622 154102541835027847
1381182689818802842 104458833617565486 119981507785613842 239193606179195804
1740504235396682786 115270507855765795 819020499051467001 1185158214923913955
