1180877362 180728634 270683403 1174425672 1761553239 847917094 392782692 1029560978 139329709 1219678963 1686736078 493717246 1320830701 284703785 1829715400 944096913 333404311 884258257 2063176307 1156669207 759998876 
1416324366 718523678 152846768 184696224 546677694 766221743 1469703419 1614579988 1892100321 369429249 381477694 215183540 822248130 2100984705 2023431017 560917383 1907136219 56991491 1092070592 341395489 169594465 2096647893 960433764 664056747 839584633 2032596200 1014392739 24716929 1735914085 
1063285287 1999079095 875717581 1945493634 545320585 1425530777 1017309884 417672071 144511610 1070196444 1226064959 1669165879 751078044 2034104407 1240826693 1183451467 76111793 1902328134 715292453 333114587 1863846072 890606230 166730292 539514500 390226917 1277150859 1511114180 489622445 1044805128 1646927301 259345178 228392612 
1904768654 1768640094 1784273487 348132501 1831265917 1316840588 1292072293 1154580226 1378145669 1794913027 55423542 1803563461 1243302457 592784195 81937463 684704205 322320049 221293325 2144970279 891633083 537519422 1645753768 1180315855 1189884784 373366559 1465724345 620806760 1892838847 1328525187 
2136543151 1821351989 34956713 1851422246 1839677468 106179915 253869986 790448452 2091413388 1084411376 2014428725 1083289868 654413323 2083037545 1069110270 2105177358 895414816 1230476845 1540850627 656856688 1527742793 
1805104510 466497994 36372440 1744893147 1166024100 847110094 1882322541 2057116473 41733544 169916240 672009206 1265744613 1048848896 1770385503 953198099 1135050197 218808741 1937775010 788186480 1829740888 621586455 1101333222 799345225 776501082 1296278068 1669163487 890001206 
1075964647 573800760 1502023415 1449277843 1187070491 1142577956 1598649746 194484950 579028313 1804393119 776524403 1747746249 1255251593 1845462314 948106407 89113328 364704939 1611386343 658981351 2141865958 48460751 1200706944 703786772 852840870 
1218398759 498900178 1052646493 1198335280 1769130908 2006254466 1571851391 1646400734 460431190 1377160374 1005555898 937010165 1680879842 2080948400 1041901145 507133596 1713941457 825992939 1832741634 1555214197 818249794 3137020 663222704 1306370245 1930237129 1154998214 1751655327 740307084 1725851476 1088965375 1643465974 1494962575 
1521366821 875936070 1789613693 1855536242 951238812 1638341203 527271028 2111866225 1894120867 292594697 27838558 294458676 2050365403 1350438492 809489949 1381092396 1471595956 1551423304 1675570919 1159357860 2123698023 1783122045 1027307272 253043592 
2043178123 2008572202 1939309556 1673155181 130901632 2134028943 2145254786 629668681 1175454918 90501895 1835512531 319257917 490448215 2068668551 1141891434 2072027157 880523447 386811320 680928040 1352361717 1982840553 2143597914 694708374 1130902164 741638678 2119526048 1836605683 302613134 409189291 1413735552 1349806051 
2003086469 52165898 376544687 752027138 1044574246 708613301 1442271058 2066988628 1335423094 796529518 658921832 1045582865 1763857976 1081430932 1919658456 1582488688 202727356 423260674 1800447351 857802689 1872456618 195786338 1822874455 
1806720168 1431016449 1058371774 1697538877 1653754212 209122023 544521668 1537864921 613298036 1292198918 221672001 193047189 1673561342 1590971475 1044833335 251344019 1982526843 203812974 1318691472 37787758 1873193468 509676012 1816790085 1417551820 457384564 1823541320 1150738382 410638566 528271690 31447374 549865319 97163767 
307147498 1505538316 150862639 522665740 562824495 816664702 1333726965 431212037 291501092 1711670882 1443908254 574027320 2025924464 1893916965 56912989 763617015 343920561 1599287719 1885198451 1892938699 927885991 632467106 972650123 987722163 550087688 2022193368 2070079322 1444336255 
1063102296 543246894 1790411260 1828209943 822500760 195958573 1153000820 2123100731 380046549 1910141133 153390744 1940430898 2073917092 570904491 1240165198 1969397820 929242864 292908529 1814283572 1880481701 1391033786 533593589 1838823352 59080636 674722363 1543796939 1315901593 1928623293 917688989 
846271957 263810615 201412843 2042173528 91464932 1765097602 1051185046 189577091 1118627894 758029098 1051371707 494961077 1025020172 2087815277 2096521213 1149528725 756759355 937826668 969680838 659409271 1844208513 476846184 1347395971 1434655159 980142481 638202324 16406904 
1829785428 1881346364 175453149 645202512 155438144 2005385391 1563731245 842217685 1357195540 491944264 1168095160 166574449 193462879 627395546 1648839760 14285513 660938574 1102135590 1525031790 763104635 1922538714 501343915 2000040220 1367651184 243198812 1105873340 
934695984 474061759 650376838 1999701161 499684410 203554811 1175753124 1953673882 1618749117 561736858 764181562 1967650032 1848764488 1808217741 1678730970 2069334002 1279991182 79897638 2066558994 487602186 244857159 1097663793 1555977554 1074961686 1274345269 
79854224 1692812949 939183393 1635051986 1045862310 148218652 600819363 393352512 340394319 822472410 604947645 217916894 1856385336 990159016 2125378384 1496505333 1796681342 1213817574 266531426 684971714 1319875815 2095410091 614868146 
264299868 1275318627 1799419879 1597229291 60308425 1392042210 1538545323 1174705690 805279640 1977084267 1206034303 762969589 1054776255 80689481 2115296600 1499296774 557189375 1740903352 131498256 927488636 96718393 1837696183 1503132781 1845172657 
1129525515 822069232 373347640 204439060 1941754140 580149776 203706802 1287256880 43768504 1836228807 195620421 1395595520 1160402720 439200885 2073088030 736480879 1218599172 1080070491 1531606221 1335573273 1690598957 280871166 1344495274 632012713 1018189838 60405665 347310636 1116573191 1682350731 1850045042 
1681924215 2058375451 1555917759 799009241 1576223060 2138545657 190133822 35563816 1775707997 331666021 605257325 342103537 1904422147 181919426 1348691735 1814969968 627423304 731893930 
1828405811 538210980 1077829877 1108400044 1348601478 631794669 719594457 1828995128 844206644 1745202977 1998590590 383722460 770443272 350165730 1217469380 792169487 1422291743 911446562 1766092489 2092525963 1038051333 
731967487 550892613 235104522 968961127 717637040 1209026776 1143932915 1883307750 326611449 748430901 701956813 1682737078 2001439048 238625567 1407841593 1786266877 172621 419050808 809967237 1933197247 285890698 1286701200 
670406819 1197882164 958942307 310123202 291123519 724241990 1065261921 605934762 1353968635 1202304040 106371392 306026445 1824726897 1262892045 234578912 1632760005 823399162 1729484654 797344536 1312877728 655528787 654704072 910027536 472814816 911241979 
687679709 2027947119 1098526873 260391565 556202568 2111080261 232970514 1518749253 174894610 2080959576 1274835666 1575288019 1044916354 97237199 1623353867 555099393 287057570 1261084216 1839302697 1633799130 784621140 1748258001 923046588 563582023 1480886206 
1802148194 896179453 1780345318 789797141 1786055776 638610391 1329953612 1690989675 1452946245 744941743 377021485 1659933610 2111698569 2237012 144109352 105598922 183714683 654493787 359226398 882575226 1088761804 31076077 593326046 1555501255 297554631 
313515824 413511965 890934444 1718899831 1302606300 789595022 2102325578 1728084007 1123307607 466056788 1061119836 1248860260 280974502 1317263794 1412056591 1543797710 400505638 2059652950 56882679 1204453361 1383371971 
1345211322 372156975 1029344385 2036359196 1470976763 1741462701 436877981 712828258 1266956354 616953959 1972039810 1739166582 1102882606 269569792 1374437574 670432072 2044468303 407089491 1518401695 1151170311 1132290775 1794581163 1970669615 1492352861 1564773630 1119777667 1714029215 
123749111 1021918746 258493785 1885699776 1023586319 335322394 730268714 1043376243 1003518947 1183874026 126180200 1327570504 1300607328 1726334697 2131591804 1174208154 737161521 778036936 1720826144 2047319700 370731735 1883987086 473065666 1533586405 
356359602 494106348 990687681 212993805 1080429018 1166166264 2035456600 1367122594 557995688 799775096 1801826896 1718764828 151188314 1130484028 2025716116 1214969796 175079540 1463004308 1428528370 1432500721 1311488114 1340179218 887085106 663693245 58607026 1526226967 1130961353 
1750659091 2106125336 690111448 1278547491 156046341 1626136052 1125670350 644444898 850152336 1683951996 8581226 327413260 1633872633 357037062 1085404090 1951329765 2026900253 876373997 1783002463 1273014148 1797666825 825183547 1899304817 1244101113 217910498 2044951680 1080238761 
629245774 466805858 601396580 139671172 1372914363 1819635083 1887097654 778070285 330588736 955982431 804798971 227068632 1223917358 874213496 1479666902 1475690294 1453811050 1952534561 1320255076 1992501832 1234295466 1849191662 
181187346 1284218236 1469669516 350091751 2134627803 528743829 1101331249 700735180 1453808027 393654840 459043102 912834346 2045427197 94852791 1285268496 1590735306 300756256 1439461918 1457436333 
985204628 449645484 2071065054 296638053 1016536753 445810436 1820456432 1687332873 307294213 225627540 1772020847 1000907370 991011984 279326657 52893135 928467798 1799189617 1392052732 70516996 2138792406 2146830235 218884636 1857744169 
1211422206 1955194731 506059129 1230886687 2020909913 1519235462 990608995 998256876 444298960 1117667944 708956831 977992238 469231791 1978701519 1481395727 443778146 1401967870 1306954032 1392438180 1632390884 614371690 2116730436 435478226 1051239531 249349542 542466194 134221263 2021219654 1835462166 1787872249 1083907736 
1999001511 402263674 1062158823 1031625998 176802398 1646297099 384597513 463807234 13180653 177378250 839483538 108335066 191146961 243079373 615006816 1311686155 1580932069 1561425683 
1125797354 1599695231 1170388403 1726579530 613418791 1904800816 1581908968 835787884 94154073 958619429 494218785 1428491755 922105082 292287125 596686029 1673961297 1969323427 715467234 1670511237 1658115934 1371415530 
1323524 1639672320 1133126168 1988967060 156275812 1724694082 2074374581 766531234 1060789305 1101902255 1207590180 1499298506 1975005226 1817013888 1454306681 232036437 2097050466 1928295252 958822040 520250610 372758343 1322467930 664307000 1074617659 1166026160 400408990 702464430 978940910 
823010272 1429138282 1598604876 1456549611 827910825 736651692 2067771000 1844031600 576146542 2110066444 1436675867 1209427991 1495284832 1158983086 1592991384 1769210206 572747271 
944095745 429801028 1992208942 836881504 1999868156 321244823 1464860959 2002144529 207805037 2141416429 1469269022 481326312 676184447 87184889 78546482 1775842631 796786335 663087662 1586437997 1892119326 926687531 717974103 994703850 456849177 
1609842943 388568830 2053113030 375283539 228473152 287029573 2123967051 202435690 1962888786 1171422429 1945860548 496013372 1352196158 2024854106 655655117 1089833850 750630257 532546523 
