1063285287 687679709 1681924215 1750659091 1345211322 181187346 1521366821 1806720168 307147498 944095745 1505538316 1211422206 372156975 731967487 985204628 1904768654 123749111 1828405811 1075964647 550892613 
1768640094 449645484 823010272 1063102296 1125797354 2136543151 875936070 1789613693 429801028 1805104510 934695984 1029344385 629245774 1416324366 846271957 264299868 1999079095 1129525515 1609842943 1599695231 
2043178123 150862639 1429138282 1955194731 313515824 1784273487 1829785428 573800760 1992208942 718523678 1598604876 2106125336 543246894 2027947119 1180877362 1275318627 152846768 836881504 822069232 538210980 
1790411260 1218398759 1999001511 466497994 184696224 1999868156 1881346364 1828209943 822500760 474061759 235104522 1323524 2071065054 1431016449 36372440 348132501 2003086469 388568830 373347640 1802148194 
1098526873 2008572202 195958573 498900178 650376838 1831265917 1021918746 522665740 1170388403 1639672320 321244823 1153000820 1058371774 2036359196 258493785 204439060 1726579530 263810615 1939309556 1133126168 
466805858 175453149 260391565 645202512 613418791 201412843 1904800816 1284218236 875717581 1052646493 1469669516 1077829877 1885699776 1941754140 1744893147 1945493634 79854224 1464860959 180728634 1692812949 
1198335280 1166024100 601396580 562824495 939183393 1988967060 1769130908 2006254466 816664702 139671172 1108400044 2042173528 968961127 296638053 670406819 556202568 155438144 1372914363 1197882164 506059129 
350091751 52165898 690111448 2002144529 1635051986 1333726965 896179453 402263674 1316840588 1673155181 1016536753 545320585 1425530777 2111080261 1017309884 1230886687 445810436 431212037 1045862310 958942307 
310123202 207805037 546677694 148218652 1456549611 847110094 1023586319 2141416429 1278547491 1780345318 2005385391 156275812 580149776 1819635083 1581908968 1502023415 766221743 270683403 417672071 376544687 
1820456432 1470976763 2020909913 600819363 1469269022 1348601478 1469703419 130901632 2058375451 1855536242 481326312 393352512 1799419879 951238812 144511610 835787884 1724694082 1687332873 717637040 94154073 
1597229291 789797141 2123100731 1882322541 1887097654 1571851391 291123519 958619429 1697538877 778070285 724241990 1209026776 1555917759 1638341203 2057116473 2134028943 1070196444 335322394 60308425 156046341 
330588736 1065261921 605934762 752027138 307294213 1563731245 1062158823 527271028 1646400734 842217685 356359602 1786055776 1626136052 1999701161 494106348 1143932915 1226064959 1031625998 1519235462 91464932 
1821351989 990687681 955982431 1125670350 990608995 460431190 1669165879 1392042210 2111866225 1741462701 436877981 676184447 1377160374 998256876 291501092 1711670882 380046549 1653754212 1765097602 212993805 
2134627803 1443908254 2074374581 1357195540 1292072293 225627540 1449277843 1894120867 444298960 766531234 804798971 232970514 41733544 1187070491 499684410 1117667944 1353968635 730268714 638610391 1043376243 
1538545323 413511965 491944264 1003518947 799009241 169916240 827910825 1005555898 209122023 203706802 1202304040 1044574246 1174425672 1518749253 1287256880 1772020847 1051185046 574027320 87184889 34956713 
1183874026 43768504 1142577956 227068632 631794669 708956831 1576223060 292594697 1883307750 544521668 1614579988 189577091 977992238 176802398 937010165 1910141133 1118627894 1537864921 2025924464 644444898 
1892100321 528743829 1893916965 719594457 672009206 890934444 1000907370 2053113030 326611449 203554811 1718899831 1761553239 375283539 850152336 1265744613 106371392 228473152 1060789305 748430901 1174705690 
736651692 1048848896 153390744 1175753124 2145254786 1851422246 56912989 27838558 1154580226 1168095160 712828258 1680879842 306026445 629668681 1223917358 613298036 1836228807 1598649746 1953673882 1080429018 
1329953612 126180200 1378145669 1166166264 340394319 166574449 751078044 174894610 1646297099 1618749117 1266956354 1327570504 701956813 1690989675 1175454918 1300607328 1770385503 494218785 1794913027 384597513 
1726334697 90501895 1452946245 1824726897 1835512531 561736858 764181562 2131591804 1967650032 78546482 1839677468 2138545657 1101331249 106179915 319257917 2080959576 1262892045 763617015 758029098 744941743 
195620421 377021485 469231791 1174208154 2035456600 2080948400 463807234 1101902255 194484950 1683951996 1659933610 1848764488 193462879 294458676 1828995128 190133822 234578912 579028313 1207590180 1940430898 
708613301 1499298506 8581226 1632760005 35563816 1978701519 953198099 369429249 991011984 1428491755 279326657 2034104407 627395546 823399162 1648839760 844206644 490448215 1051371707 1481395727 1975005226 
2068668551 1274835666 1442271058 616953959 1240826693 847917094 1775842631 2111698569 287029573 1804393119 14285513 2067771000 874213496 737161521 1141891434 2123967051 1367122594 1972039810 13180653 776524403 
1395595520 2237012 778036936 55423542 805279640 381477694 1775707997 1183451467 1803563461 822472410 215183540 2050365403 1160402720 1135050197 443778146 327413260 1633872633 1844031600 922105082 1302606300 
494961077 660938574 1720826144 253869986 1292198918 1682737078 1401967870 1817013888 604947645 2073917092 557995688 1747746249 1350438492 144109352 331666021 570904491 1243302457 1977084267 1808217741 392782692 
700735180 799775096 592784195 1240165198 1729484654 357037062 1745202977 1085404090 221672001 76111793 1951329765 2047319700 1025020172 605257325 1041901145 1479666902 1453808027 218808741 1739166582 177378250 
1902328134 1029560978 1454306681 232036437 1801826896 52893135 1998590590 292287125 1206034303 105598922 1678730970 183714683 715292453 1718764828 139329709 2001439048 1219678963 1686736078 193047189 1255251593 
654493787 342103537 217916894 1306954032 2066988628 1392438180 762969589 1632390884 2072027157 1673561342 614371690 796786335 1102882606 839483538 238625567 1102135590 1335423094 789595022 1904422147 1590971475 
2102325578 822248130 81937463 596686029 1937775010 2097050466 928467798 1799189617 2100984705 2026900253 684704205 876373997 796529518 663087662 1783002463 1928295252 343920561 2087815277 202435690 1054776255 
2023431017 1575288019 507133596 2069334002 658921832 809489949 1475690294 1845462314 560917383 1673961297 333114587 788186480 1713941457 1044833335 1525031790 797344536 958822040 790448452 2091413388 520250610 
251344019 1969397820 108335066 1907136219 1586437997 929242864 1863846072 439200885 890606230 1273014148 493717246 576146542 948106407 2116730436 1856385336 825992939 1982526843 359226398 2096521213 1312877728 
1829740888 1832741634 2110066444 80689481 1084411376 203812974 383722460 435478226 1149528725 322320049 621586455 151188314 880523447 770443272 1728084007 1044916354 1797666825 1555214197 756759355 292908529 
1436675867 386811320 2014428725 825183547 1083289868 350165730 1599287719 370731735 1318691472 97237199 166730292 1209427991 763104635 937826668 1814283572 181919426 539514500 1123307607 221293325 1130484028 
2025716116 1381092396 1495284832 1101333222 969680838 680928040 1279991182 269569792 1352361717 990159016 1623353867 393654840 1982840553 1962888786 1158983086 654413323 799345225 1045582865 1763857976 2125378384 
79897638 89113328 1214969796 2073088030 1453811050 1171422429 1407841593 555099393 1883987086 1320830701 2143597914 2083037545 372758343 655528787 1885198451 736480879 37787758 1069110270 1952534561 1892938699 
1880481701 1391033786 818249794 2144970279 891633083 364704939 1218599172 2105177358 1922538714 287057570 1471595956 1261084216 1892119326 284703785 659409271 175079540 3137020 1551423304 1080070491 473065666 
1051239531 663222704 1392052732 1463004308 1531606221 1335573273 1611386343 249349542 466056788 2066558994 501343915 1945860548 1348691735 1675570919 776501082 1690598957 487602186 533593589 1786266877 1873193468 
1081430932 882575226 390226917 1496505333 191146961 1428528370 1088761804 1322467930 1533586405 654704072 1306370245 244857159 280871166 658981351 694708374 1919658456 1374437574 670432072 56991491 172621 
419050808 1814969968 1838823352 1839302697 1344495274 1130902164 741638678 664307000 1432500721 537519422 2000040220 459043102 1092070592 2141865958 809967237 1582488688 1592991384 1930237129 1769210206 496013372 
912834346 31076077 243079373 1829715400 1154998214 1061119836 1320255076 1159357860 1248860260 1645753768 202727356 1633799130 1311488114 1074617659 615006816 1277150859 2044468303 1511114180 341395489 2115296600 
927885991 926687531 423260674 509676012 1180315855 1097663793 1844208513 717974103 1796681342 407089491 1340179218 1213817574 59080636 266531426 1518401695 674722363 944096913 1499296774 1352196158 1751655327 
48460751 740307084 1166026160 489622445 1933197247 1816790085 1417551820 632467106 972650123 632012713 1725851476 887085106 1189884784 910027536 557189375 1311686155 2123698023 542466194 1580932069 593326046 
134221263 1543796939 1740903352 784621140 1088965375 2024854106 2119526048 169594465 1969323427 280974502 1151170311 333404311 715467234 1315901593 476846184 131498256 2096647893 1347395971 663693245 1018189838 
895414816 2021219654 987722163 1132290775 1217469380 1800447351 2045427197 1928623293 1992501832 1670511237 1555977554 1783122045 1748258001 1044805128 457384564 1074961686 627423304 1234295466 917688989 1646927301 
1555501255 1794581163 550087688 684971714 1367651184 927488636 1643465974 1317263794 1296278068 96718393 884258257 259345178 243198812 1823541320 1837696183 1503132781 472814816 792169487 94852791 373366559 
1150738382 1835462166 2063176307 1434655159 994703850 1200706944 980142481 960433764 228392612 1849191662 1027307272 1465724345 664056747 1319875815 1970669615 1836605683 1845172657 1492352861 2095410091 655655117 
1564773630 1412056591 456849177 1089833850 839584633 1543797710 410638566 60405665 1285268496 2032596200 528271690 70516996 347310636 1274345269 2138792406 1787872249 1422291743 2022193368 253043592 638202324 
731893930 1561425683 297554631 1899304817 1244101113 302613134 911446562 620806760 923046588 1766092489 1658115934 16406904 400505638 1119777667 1116573191 1230476845 857802689 409189291 2092525963 750630257 
563582023 2059652950 1014392739 2070079322 58607026 1413735552 1480886206 1682350731 1892838847 217910498 1590735306 300756256 56882679 1156669207 1204453361 1444336255 31447374 24716929 2044951680 572747271 
1669163487 549865319 1526226967 703786772 1349806051 285890698 890001206 1872456618 1494962575 1850045042 1540850627 1130961353 532546523 759998876 1735914085 1371415530 1080238761 195786338 400408990 1439461918 
1383371971 1822874455 911241979 852840870 656856688 1527742793 614868146 97163767 2146830235 218884636 1328525187 702464430 1038051333 1714029215 1286701200 1105873340 1457436333 1083907736 1857744169 978940910 
