143178726 1799233683 1697144830 1870464947 485463645 543915709 1615408917 583988229 1773963288 1515450385 713639137 
1196556829 207697603 1733898061 377534697 1322850063 682976441 141756931 1417383757 
123204721 108639282 1107332566 2128745227 650868717 1715725394 838925786 865846426 1119625673 451326984 772900257 1461622789 
734948415 2021912843 1939457669 1762680168 506060707 1358131385 1995061991 1210911548 1986437271 380509317 1197699240 1863090086 321851486 
160715005 1468854062 1792762381 601509202 319308630 761812811 277264389 1999607582 1994675953 
1959558365 1290957677 947921995 1854894461 1931875017 684863770 548509401 735937718 928056842 2103359445 
811940865 1864272763 597353187 1052818916 256825559 212409675 439148632 646252101 1619772932 859095655 2082940701 841834532 1125447706 
1922824791 2045875316 1082587660 1221796467 1509983296 151984537 339740287 345786667 692368543 1539963760 15405690 1075563677 
2123044746 1217966036 18186358 847295153 1535321496 1842533461 1022178046 1659721992 1115296009 1744224864 536983346 
1024875909 1660316701 985072486 1835905917 1536129205 1667475154 1367430644 
328342428 1684692770 1170598296 1749801284 1347118159 
480733465 219848145 999114641 1820445510 1209425786 1705812977 1538118450 1636289888 499676837 2081617841 
558189012 305385907 641440610 664502799 397641365 1132036857 875295031 924801876 1496424773 1169053079 310409559 1891292515 
741572589 1963799634 1091359264 824765827 1710458317 344446575 150670286 
