1865681877 1180877362 957893884 180728634 808681861 270683403 1098809452 1174425672 312197203 1761553239 982075616 847917094 2001923439 392782692 652467361 1029560978 760034596 139329709 1518015057 1219678963 869421294 1686736078 516863160 493717246 2087887786 1320830701 70951576 284703785 1910613193 1829715400 1748245382 944096913 1125804838 333404311 777371823 884258257 1345816050 2063176307 1325043453 1156669207 2089082539 759998876 
526056448 1416324366 1863625396 718523678 2028961856 152846768 752839639 184696224 423873964 546677694 121101940 766221743 888906197 1469703419 1247655423 1614579988 1515345020 1892100321 560923492 369429249 2031118762 381477694 1339838425 215183540 191669792 822248130 262104061 2100984705 806636938 2023431017 1300964936 560917383 1168624029 1907136219 768193721 56991491 212003296 1092070592 1078707238 341395489 1398231726 169594465 244979846 2096647893 1794663852 960433764 1192276234 664056747 864447137 839584633 385158732 2032596200 1903610071 1014392739 982455411 24716929 1951499465 1735914085 
561442570 1063285287 45511941 1999079095 863351323 875717581 1049783667 1945493634 2045165483 545320585 338872657 1425530777 1308330959 1017309884 1927473819 417672071 4775113 144511610 1645911225 1070196444 1208734689 1226064959 815859315 1669165879 469778175 751078044 1353650762 2034104407 404729913 1240826693 210158967 1183451467 585695316 76111793 1573132048 1902328134 2023297005 715292453 1878577057 333114587 1156533904 1863846072 1737294815 890606230 895232088 166730292 599063141 539514500 36014007 390226917 2064831585 1277150859 1021249238 1511114180 1867626400 489622445 134884025 1044805128 947923973 1646927301 684723783 259345178 603057229 228392612 
1010745797 1904768654 1277075122 1768640094 94441264 1784273487 1180889079 348132501 2093428923 1831265917 614650272 1316840588 1460097567 1292072293 355024136 1154580226 1521869957 1378145669 1983541876 1794913027 2122131125 55423542 1225557130 1803563461 1388165915 1243302457 1125184120 592784195 2067639169 81937463 968654762 684704205 1683632822 322320049 1082791925 221293325 540068107 2144970279 374705486 891633083 874286813 537519422 1773901111 1645753768 1251870269 1180315855 197106413 1189884784 1620799050 373366559 1994766608 1465724345 1698870249 620806760 2020234751 1892838847 1466085739 1328525187 
1565511559 2136543151 842898927 1821351989 808697565 34956713 1536864326 1851422246 1598162325 1839677468 704976362 106179915 941154508 253869986 722838461 790448452 451405344 2091413388 957640735 1084411376 1701160292 2014428725 876456903 1083289868 1865095027 654413323 1658035733 2083037545 886578186 1069110270 1548286284 2105177358 2032949964 895414816 1355128526 1230476845 2091393701 1540850627 1720155633 656856688 1966655788 1527742793 
2137335935 1805104510 1507435043 466497994 151476660 36372440 376358898 1744893147 933773484 1166024100 2067598095 847110094 82423444 1882322541 1702750723 2057116473 78432299 41733544 484763967 169916240 415592277 672009206 969501661 1265744613 968051584 1048848896 202444704 1770385503 1793725219 953198099 680527490 1135050197 441180183 218808741 1119914800 1937775010 1718053801 788186480 299266406 1829740888 1143767338 621586455 2127531881 1101333222 236419163 799345225 842125276 776501082 1450166951 1296278068 1838289233 1669163487 1856306879 890001206 
787670983 1075964647 684034736 573800760 2026816104 1502023415 236300691 1449277843 511574682 1187070491 788415147 1142577956 1571300213 1598649746 628561867 194484950 1563714798 579028313 763343750 1804393119 1166392597 776524403 99039916 1747746249 1749017833 1255251593 1979110059 1845462314 277324810 948106407 2086923279 89113328 1663153916 364704939 944486877 1611386343 479345 658981351 1586636027 2141865958 1093838762 48460751 2013419716 1200706944 227452352 703786772 675977882 852840870 
1913702650 1218398759 977987422 498900178 1512084315 1052646493 968728872 1198335280 1746719224 1769130908 1217476218 2006254466 76912470 1571851391 487609464 1646400734 1420169790 460431190 630466327 1377160374 1670325922 1005555898 2099898397 937010165 943710236 1680879842 508622342 2080948400 1569790459 1041901145 925754977 507133596 286420894 1713941457 1266885246 825992939 1677085507 1832741634 918927664 1555214197 631035109 818249794 275813070 3137020 1444516633 663222704 418878187 1306370245 1986586432 1930237129 1687872805 1154998214 1806846238 1751655327 1308717278 740307084 1688378865 1725851476 1308428239 1088965375 1117165683 1643465974 204622652 1494962575 
366464105 1521366821 1734779227 875936070 1277930067 1789613693 1524000681 1855536242 1906705458 951238812 146092376 1638341203 1953044687 527271028 111343390 2111866225 1523783727 1894120867 419237027 292594697 1909904586 27838558 1624178779 294458676 165977497 2050365403 1940492747 1350438492 1419796394 809489949 917784621 1381092396 578173865 1471595956 785446847 1551423304 1106278415 1675570919 1614129524 1159357860 94671941 2123698023 239079908 1783122045 909118513 1027307272 302239828 253043592 
880081198 2043178123 831755997 2008572202 1738982993 1939309556 2060563645 1673155181 2110122439 130901632 1256437032 2134028943 594248677 2145254786 1935504242 629668681 10785634 1175454918 298868189 90501895 213078002 1835512531 861248446 319257917 927925537 490448215 357376042 2068668551 749856098 1141891434 1114827124 2072027157 1627617405 880523447 1042697699 386811320 1642913884 680928040 718275111 1352361717 1125856468 1982840553 2135026650 2143597914 1652676224 694708374 772521450 1130902164 10502696 741638678 1965149637 2119526048 704213077 1836605683 113903653 302613134 201464525 409189291 239882893 1413735552 975915209 1349806051 
1338136476 2003086469 1676267480 52165898 1944644439 376544687 373565109 752027138 1007378125 1044574246 998318550 708613301 953926143 1442271058 1546625677 2066988628 978900980 1335423094 1079329225 796529518 480198455 658921832 1294741448 1045582865 1328887693 1763857976 651666173 1081430932 1933890538 1919658456 2053605270 1582488688 960073039 202727356 992746710 423260674 617577122 1800447351 67150654 857802689 1263031224 1872456618 1629779269 195786338 1521422891 1822874455 
1704656700 1806720168 302941604 1431016449 84938416 1058371774 1872469679 1697538877 444843023 1653754212 1660641217 209122023 766004082 544521668 1052205660 1537864921 1973663777 613298036 187556669 1292198918 1520357840 221672001 439636273 193047189 1834032976 1673561342 2073399195 1590971475 1798801153 1044833335 1368186746 251344019 179909486 1982526843 1464315995 203812974 1245469366 1318691472 853894232 37787758 1268601315 1873193468 207450789 509676012 754496780 1816790085 812011867 1417551820 682679470 457384564 1518962500 1823541320 1325599258 1150738382 1781903141 410638566 93691606 528271690 604110508 31447374 1737594374 549865319 1773955051 97163767 
1395042484 307147498 1217747481 1505538316 507520460 150862639 684714733 522665740 1475160574 562824495 1972451449 816664702 213576803 1333726965 1117830110 431212037 2082360401 291501092 1081038894 1711670882 1575655191 1443908254 863855284 574027320 420982066 2025924464 761213948 1893916965 1222930771 56912989 638095020 763617015 666200345 343920561 357595074 1599287719 894146451 1885198451 512002503 1892938699 933089727 927885991 566251819 632467106 1038465875 972650123 2112619604 987722163 2131337281 550087688 1856843845 2022193368 1099786528 2070079322 1083568295 1444336255 
787078592 1063102296 780602752 543246894 1908526411 1790411260 532966009 1828209943 2132262458 822500760 2052854602 195958573 1856130939 1153000820 346890982 2123100731 1223650303 380046549 218925238 1910141133 772630251 153390744 437479771 1940430898 732048599 2073917092 775036055 570904491 1727720801 1240165198 82429296 1969397820 1117091251 929242864 926029375 292908529 2015831264 1814283572 1184538386 1880481701 1936971908 1391033786 233706126 533593589 633027489 1838823352 425719076 59080636 2031076486 674722363 1329717648 1543796939 144568612 1315901593 606872162 1928623293 2126497922 917688989 
505804741 846271957 1526901068 263810615 200600487 201412843 1849557795 2042173528 1777080124 91464932 697661741 1765097602 867266229 1051185046 784127156 189577091 109972926 1118627894 1240066343 758029098 335855938 1051371707 631562244 494961077 424745702 1025020172 369772020 2087815277 714050499 2096521213 1349028806 1149528725 947959737 756759355 1753532038 937826668 1343577948 969680838 68601912 659409271 269374550 1844208513 85178604 476846184 2030679743 1347395971 655819068 1434655159 8566973 980142481 843045901 638202324 1496070927 16406904 
1025011789 1829785428 1654953968 1881346364 1755644008 175453149 56054364 645202512 1709936136 155438144 1443911745 2005385391 649826567 1563731245 719713118 842217685 1145336947 1357195540 129851426 491944264 1274238783 1168095160 125152410 166574449 656766367 193462879 167435392 627395546 623872734 1648839760 619071116 14285513 1189750561 660938574 159275456 1102135590 1826785426 1525031790 114192435 763104635 1676130834 1922538714 1355721112 501343915 416820974 2000040220 14154863 1367651184 227714141 243198812 207409617 1105873340 
443482892 934695984 1428800553 474061759 369618236 650376838 169687919 1999701161 1942973942 499684410 426274789 203554811 323642235 1175753124 1471402489 1953673882 737168133 1618749117 1761701659 561736858 1329416116 764181562 2141895730 1967650032 790685205 1848764488 1283751559 1808217741 1546725842 1678730970 1478375525 2069334002 144931902 1279991182 822767213 79897638 86926591 2066558994 1807717081 487602186 1395919159 244857159 1303804315 1097663793 2056057602 1555977554 1707321100 1074961686 1601750186 1274345269 
1927647495 79854224 1470490118 1692812949 373768766 939183393 1053713271 1635051986 1284614710 1045862310 1239485307 148218652 1299302580 600819363 1340051498 393352512 1631948891 340394319 380501218 822472410 1978617122 604947645 306096271 217916894 1003721894 1856385336 361520407 990159016 1584327263 2125378384 378110185 1496505333 2000383032 1796681342 691846333 1213817574 1471079933 266531426 1580342508 684971714 632984672 1319875815 1224862830 2095410091 351562992 614868146 
1470757662 264299868 1815171932 1275318627 1333303590 1799419879 2093655353 1597229291 1119129706 60308425 1273707662 1392042210 998597238 1538545323 13514934 1174705690 1456211597 805279640 1487684761 1977084267 653794759 1206034303 233287504 762969589 1113043914 1054776255 2037403472 80689481 757891797 2115296600 1362398934 1499296774 304344235 557189375 382062923 1740903352 582977971 131498256 1812920245 927488636 278513768 96718393 1707532339 1837696183 206003094 1503132781 1014324504 1845172657 
891498980 1129525515 1141774465 822069232 647722663 373347640 1735477699 204439060 2108911563 1941754140 549933150 580149776 2095255472 203706802 404726037 1287256880 722480751 43768504 584503595 1836228807 2123465261 195620421 1540194778 1395595520 1059887569 1160402720 524183202 439200885 282770444 2073088030 1620555504 736480879 1975541128 1218599172 216707246 1080070491 1248413811 1531606221 914097874 1335573273 1237381409 1690598957 23853384 280871166 815584927 1344495274 1159877624 632012713 1825493053 1018189838 599901625 60405665 883612596 347310636 136011351 1116573191 2140753203 1682350731 1039052927 1850045042 
1308218417 1681924215 1177787814 2058375451 1688156489 1555917759 1915991275 799009241 1355970409 1576223060 181401064 2138545657 1943137703 190133822 825440598 35563816 1306459373 1775707997 489319456 331666021 925213404 605257325 182414644 342103537 301795088 1904422147 1858730850 181919426 1655135339 1348691735 606486530 1814969968 715977337 627423304 2039507092 731893930 
913677622 1828405811 1799044646 538210980 2115172467 1077829877 1991516270 1108400044 691276274 1348601478 760207767 631794669 474868796 719594457 550287458 1828995128 1754574048 844206644 2121624772 1745202977 1365723562 1998590590 752750471 383722460 958238469 770443272 515119502 350165730 1560063084 1217469380 2127774931 792169487 608833428 1422291743 1774809492 911446562 805587942 1766092489 210488116 2092525963 1778591752 1038051333 
240092024 731967487 1375303482 550892613 1443862327 235104522 637945550 968961127 738919447 717637040 734673185 1209026776 1617305843 1143932915 488059543 1883307750 1835125244 326611449 1126741667 748430901 1362444350 701956813 239238470 1682737078 1472933199 2001439048 1341088980 238625567 1448790527 1407841593 211118475 1786266877 1252502349 172621 1462520797 419050808 1472766461 809967237 1794645486 1933197247 1782985092 285890698 752183745 1286701200 
1780391104 670406819 914576914 1197882164 501797827 958942307 225040072 310123202 1083651148 291123519 174542394 724241990 1429696174 1065261921 1987563924 605934762 657994585 1353968635 1148917313 1202304040 1853651108 106371392 1251965469 306026445 1152332313 1824726897 530342482 1262892045 1121980228 234578912 196003615 1632760005 1322166549 823399162 436643820 1729484654 1490288515 797344536 1320274971 1312877728 1326720485 655528787 2090664778 654704072 1191201435 910027536 1926919184 472814816 335586903 911241979 
1853367538 687679709 614980131 2027947119 829056151 1098526873 807869899 260391565 1846158627 556202568 1749024605 2111080261 1022450290 232970514 1231974323 1518749253 871316929 174894610 45491800 2080959576 2053485487 1274835666 455071892 1575288019 1414359509 1044916354 909190702 97237199 102002902 1623353867 1031322512 555099393 1540478823 287057570 1759466821 1261084216 1049795366 1839302697 2146285188 1633799130 600434358 784621140 902990173 1748258001 1683336672 923046588 1372824807 563582023 734594767 1480886206 
469283917 1802148194 1362407396 896179453 2106356264 1780345318 484784786 789797141 1316819339 1786055776 1351049773 638610391 1795690885 1329953612 371780651 1690989675 1110269240 1452946245 1489467046 744941743 188830878 377021485 915666051 1659933610 604917216 2111698569 1835181862 2237012 647381003 144109352 1062204404 105598922 1835093397 183714683 1088293996 654493787 51755766 359226398 1085970562 882575226 1602262766 1088761804 1431071774 31076077 459134722 593326046 787539863 1555501255 384098734 297554631 
1300413891 313515824 1989753853 413511965 988110427 890934444 1709429650 1718899831 1468969447 1302606300 870721819 789595022 805287600 2102325578 258106321 1728084007 1137062258 1123307607 1252673288 466056788 662144042 1061119836 977764957 1248860260 354496593 280974502 319354671 1317263794 1689728954 1412056591 1796563491 1543797710 1102223437 400505638 857504598 2059652950 976361647 56882679 646019278 1204453361 1109640550 1383371971 
253237140 1345211322 373364788 372156975 255168164 1029344385 384810947 2036359196 2059509848 1470976763 595379851 1741462701 1921633998 436877981 249524594 712828258 1341737184 1266956354 2010431673 616953959 1555227118 1972039810 913747178 1739166582 1407172980 1102882606 246237639 269569792 1758220161 1374437574 2070151970 670432072 746544720 2044468303 399459168 407089491 1443574801 1518401695 2024708625 1151170311 1444030774 1132290775 1522570569 1794581163 1897234431 1970669615 1797250747 1492352861 643159138 1564773630 1055686583 1119777667 885388310 1714029215 
886876567 123749111 1522140470 1021918746 2115699927 258493785 1582856128 1885699776 1411681975 1023586319 1612595853 335322394 177645073 730268714 2142068427 1043376243 344323580 1003518947 1070058320 1183874026 60614149 126180200 511650846 1327570504 873707975 1300607328 1761130985 1726334697 1648208618 2131591804 100995797 1174208154 1424870254 737161521 1257520965 778036936 1750175890 1720826144 1274716492 2047319700 583793107 370731735 883424290 1883987086 1600502206 473065666 1534043067 1533586405 
1729887057 356359602 2012422292 494106348 239306466 990687681 322232273 212993805 2119935666 1080429018 989032862 1166166264 1534536452 2035456600 1394230302 1367122594 307952487 557995688 95989935 799775096 568048529 1801826896 1089037138 1718764828 1097619100 151188314 1785280947 1130484028 633194850 2025716116 437204445 1214969796 1951450700 175079540 326879183 1463004308 1224950082 1428528370 1986456725 1432500721 1644056791 1311488114 444289072 1340179218 1409575676 887085106 63878539 663693245 47784154 58607026 1549068818 1526226967 439502484 1130961353 
359810512 1750659091 1575471147 2106125336 880210192 690111448 146988668 1278547491 1343300599 156046341 2112778398 1626136052 1768580150 1125670350 2024427010 644444898 1022362380 850152336 732840718 1683951996 740774787 8581226 390538160 327413260 1866714440 1633872633 437765757 357037062 912484362 1085404090 1724949884 1951329765 852340564 2026900253 1699340650 876373997 737071478 1783002463 1363840163 1273014148 1249121989 1797666825 174722033 825183547 719272028 1899304817 2144279172 1244101113 675279239 217910498 1769989605 2044951680 1234609000 1080238761 
1278275643 629245774 417023023 466805858 1074271246 601396580 1455660613 139671172 1653567869 1372914363 727393098 1819635083 418775270 1887097654 95737916 778070285 1661625565 330588736 700975927 955982431 495169080 804798971 1346293807 227068632 1321711703 1223917358 775799924 874213496 398549887 1479666902 161477504 1475690294 1229669664 1453811050 1964845004 1952534561 767317444 1320255076 1830877171 1992501832 1821281468 1234295466 707728674 1849191662 
919564026 181187346 1385006734 1284218236 1653005979 1469669516 1490865220 350091751 38267737 2134627803 42653408 528743829 92210306 1101331249 1875217972 700735180 1945697454 1453808027 9215689 393654840 1265725379 459043102 704457236 912834346 1699945266 2045427197 1415442496 94852791 378333872 1285268496 1096416216 1590735306 1028185480 300756256 219538049 1439461918 1034051019 1457436333 
62695057 985204628 94648401 449645484 334870019 2071065054 1312033081 296638053 1498664542 1016536753 176476224 445810436 773273718 1820456432 667495910 1687332873 641888835 307294213 617983534 225627540 77162161 1772020847 122101760 1000907370 430024020 991011984 93663325 279326657 1862109339 52893135 563108957 928467798 1743894715 1799189617 1550314835 1392052732 829531752 70516996 1492279944 2138792406 773836432 2146830235 1268680389 218884636 748630388 1857744169 
828489038 1211422206 1484700224 1955194731 356314592 506059129 1538044131 1230886687 1406067367 2020909913 719824015 1519235462 1440727863 990608995 1430304607 998256876 2055825325 444298960 1518390646 1117667944 973130968 708956831 1365173136 977992238 492182039 469231791 1342850532 1978701519 322814652 1481395727 1038328932 443778146 672397965 1401967870 1884084579 1306954032 863510023 1392438180 1601655576 1632390884 511354103 614371690 118106685 2116730436 1905031020 435478226 582268569 1051239531 45991403 249349542 197552065 542466194 870195809 134221263 227144491 2021219654 438417072 1835462166 1205995668 1787872249 793447534 1083907736 
2069741529 1999001511 2132885249 402263674 82132043 1062158823 1870359979 1031625998 973161140 176802398 1300694242 1646297099 258380098 384597513 44445090 463807234 620111994 13180653 1047048267 177378250 514748566 839483538 371959864 108335066 35727023 191146961 1825172631 243079373 670639843 615006816 935888731 1311686155 1799728962 1580932069 505774618 1561425683 
1577431238 1125797354 873798383 1599695231 1675498940 1170388403 1703387973 1726579530 1950622654 613418791 281844238 1904800816 868449659 1581908968 1832237385 835787884 1228015056 94154073 1412609598 958619429 1367410241 494218785 493609498 1428491755 935417405 922105082 467057115 292287125 2014041792 596686029 576320870 1673961297 1463780922 1969323427 1113986157 715467234 729238311 1670511237 1960435413 1658115934 870886105 1371415530 
910045329 1323524 1341300260 1639672320 176928911 1133126168 2033279397 1988967060 1798003979 156275812 866755776 1724694082 1956246677 2074374581 404765852 766531234 2118409217 1060789305 344449400 1101902255 621582735 1207590180 1754777750 1499298506 1517363546 1975005226 733781810 1817013888 531577770 1454306681 1003472374 232036437 145292789 2097050466 150568116 1928295252 934603207 958822040 382407918 520250610 1574699656 372758343 1443478145 1322467930 337245745 664307000 86415338 1074617659 302799678 1166026160 2049666467 400408990 1056858069 702464430 1104222232 978940910 
1747385037 823010272 584605206 1429138282 1252200279 1598604876 1909757532 1456549611 1426647847 827910825 1692216746 736651692 754125140 2067771000 415046017 1844031600 3000745 576146542 729335133 2110066444 69493093 1436675867 1502859928 1209427991 1589185712 1495284832 1528206668 1158983086 259135240 1592991384 89502400 1769210206 355082466 572747271 
1622411614 944095745 480317428 429801028 2132671376 1992208942 2094347227 836881504 311760060 1999868156 1481163338 321244823 237123558 1464860959 685549484 2002144529 298374069 207805037 1651945308 2141416429 1340756446 1469269022 1503075218 481326312 1456764098 676184447 1590713053 87184889 2134396293 78546482 1390639191 1775842631 867406200 796786335 1562200406 663087662 1887138548 1586437997 728830027 1892119326 2021122004 926687531 555199861 717974103 650793800 994703850 276793640 456849177 
1418408182 1609842943 1648230642 388568830 832316153 2053113030 1252025496 375283539 352974391 228473152 188624491 287029573 1723681702 2123967051 862938717 202435690 858118234 1962888786 998766075 1171422429 1948627941 1945860548 396893507 496013372 340183017 1352196158 1802135719 2024854106 747327704 655655117 927034633 1089833850 472555299 750630257 1235851172 532546523 
