1600949354096907956 1000875971790950278
1600949354096907956 1000875971790950278
1600949354096907956 1000875971790950278
1600949354096907956 1000875971790950278
1600949354096907956 1000875971790950278
1600949354096907956 1000875971790950278
554610992977267003 2170058058690823420
554610992977267003 2170058058690823420
554610992977267003 2170058058690823420
554610992977267003 2170058058690823420
554610992977267003 2170058058690823420
554610992977267003 2170058058690823420
554610992977267003 2170058058690823420
554610992977267003 2170058058690823420
554610992977267003 2170058058690823420
1322624875914905241 1008051825555285585
1322624875914905241 1008051825555285585
1322624875914905241 1008051825555285585
1322624875914905241 1008051825555285585
1322624875914905241 1008051825555285585
591533416122380118 116523355441194934
591533416122380118 116523355441194934
591533416122380118 116523355441194934
520868419835668464 286728568700017858
520868419835668464 286728568700017858
520868419835668464 286728568700017858
520868419835668464 286728568700017858
520868419835668464 286728568700017858
520868419835668464 286728568700017858
367428679888296086 2028013706720715591
367428679888296086 2028013706720715591
367428679888296086 2028013706720715591
367428679888296086 2028013706720715591
367428679888296086 2028013706720715591
367428679888296086 2028013706720715591
1291576405785877065 1202842796331059381
1291576405785877065 1202842796331059381
1291576405785877065 1202842796331059381
57399891800890209 1850814112687562872
57399891800890209 1850814112687562872
57399891800890209 1850814112687562872
839860292782464705 331491097442011647
839860292782464705 331491097442011647
839860292782464705 331491097442011647
839860292782464705 331491097442011647
839860292782464705 331491097442011647
839860292782464705 331491097442011647
1077351781898869293 915474303595347040
1077351781898869293 915474303595347040
1077351781898869293 915474303595347040
1077351781898869293 915474303595347040
1077351781898869293 915474303595347040
1077351781898869293 915474303595347040
1077351781898869293 915474303595347040
1077351781898869293 915474303595347040
1077351781898869293 915474303595347040
1077351781898869293 915474303595347040
1188023010215900001 1196923691543235652
1188023010215900001 1196923691543235652
1188023010215900001 1196923691543235652
1188023010215900001 1196923691543235652
1188023010215900001 1196923691543235652
1188023010215900001 1196923691543235652
1188023010215900001 1196923691543235652
1188023010215900001 1196923691543235652
973314756359395414 469891361846620537
973314756359395414 469891361846620537
973314756359395414 469891361846620537
973314756359395414 469891361846620537
973314756359395414 469891361846620537
973314756359395414 469891361846620537
973314756359395414 469891361846620537
707684189136130767 1840101719007972569
707684189136130767 1840101719007972569
707684189136130767 1840101719007972569
707684189136130767 1840101719007972569
707684189136130767 1840101719007972569
255189871639581809 1928678165460598958
255189871639581809 1928678165460598958
255189871639581809 1928678165460598958
255189871639581809 1928678165460598958
255189871639581809 1928678165460598958
255189871639581809 1928678165460598958
255189871639581809 1928678165460598958
255189871639581809 1928678165460598958
358142729566917607 774344528357851569
358142729566917607 774344528357851569
358142729566917607 774344528357851569
358142729566917607 774344528357851569
358142729566917607 774344528357851569
184410407865584884 793027015659283288
184410407865584884 793027015659283288
184410407865584884 793027015659283288
856473803007486870 1919316843532954369
1503663373425385999 1312148575589215591
1503663373425385999 1312148575589215591
1503663373425385999 1312148575589215591
690234702320749931 782709818022048093
690234702320749931 782709818022048093
690234702320749931 782709818022048093
690234702320749931 782709818022048093
690234702320749931 782709818022048093
690234702320749931 782709818022048093
690234702320749931 782709818022048093
690234702320749931 782709818022048093
690234702320749931 782709818022048093
690234702320749931 782709818022048093
560426709145760170 1693376588234312716
560426709145760170 1693376588234312716
1041082050887138589 1928860437091705803
1041082050887138589 1928860437091705803
1041082050887138589 1928860437091705803
1041082050887138589 1928860437091705803
1041082050887138589 1928860437091705803
539846435439276887 377278644121173390
539846435439276887 377278644121173390
539846435439276887 377278644121173390
539846435439276887 377278644121173390
539846435439276887 377278644121173390
539846435439276887 377278644121173390
539846435439276887 377278644121173390
539846435439276887 377278644121173390
539846435439276887 377278644121173390
539846435439276887 377278644121173390
539846435439276887 377278644121173390
539846435439276887 377278644121173390
1403064763372097983 870273147765320523
578726363906866107 2240758445617081586
578726363906866107 2240758445617081586
578726363906866107 2240758445617081586
1645425030488248724 636394654013966801
1645425030488248724 636394654013966801
1645425030488248724 636394654013966801
1645425030488248724 636394654013966801
1645425030488248724 636394654013966801
1645425030488248724 636394654013966801
1645425030488248724 636394654013966801
2096632367413447334 536888910631629827
2096632367413447334 536888910631629827
8399852699431173 1667458087579428593
8399852699431173 1667458087579428593
8399852699431173 1667458087579428593
8399852699431173 1667458087579428593
8399852699431173 1667458087579428593
8399852699431173 1667458087579428593
8399852699431173 1667458087579428593
8399852699431173 1667458087579428593
902263446621329964 1871544802913695444
902263446621329964 1871544802913695444
1936045622896705825 557863751371866392
1936045622896705825 557863751371866392
1936045622896705825 557863751371866392
1936045622896705825 557863751371866392
1936045622896705825 557863751371866392
1588668913978516985 1199804696944190687
1588668913978516985 1199804696944190687
1588668913978516985 1199804696944190687
1588668913978516985 1199804696944190687
1868147695232489371 382038691522844879
1868147695232489371 382038691522844879
1868147695232489371 382038691522844879
1868147695232489371 382038691522844879
1868147695232489371 382038691522844879
337336339456660994 1083094705194566175
337336339456660994 1083094705194566175
337336339456660994 1083094705194566175
337336339456660994 1083094705194566175
337336339456660994 1083094705194566175
337336339456660994 1083094705194566175
1872219510828694262 263586517490808493
1872219510828694262 263586517490808493
1872219510828694262 263586517490808493
1872219510828694262 263586517490808493
1872219510828694262 263586517490808493
1872219510828694262 263586517490808493
2206963422184442737 1888239952258262597
2206963422184442737 1888239952258262597
2206963422184442737 1888239952258262597
2206963422184442737 1888239952258262597
2206963422184442737 1888239952258262597
1007886737821629160 709187447482597639
1007886737821629160 709187447482597639
1007886737821629160 709187447482597639
1007886737821629160 709187447482597639
1007886737821629160 709187447482597639
956627456717907661 1327257843835661920
956627456717907661 1327257843835661920
956627456717907661 1327257843835661920
956627456717907661 1327257843835661920
956627456717907661 1327257843835661920
1232376852533371211 1576877507162850370
1232376852533371211 1576877507162850370
1232376852533371211 1576877507162850370
2243168036556643310 194824187334452407
2243168036556643310 194824187334452407
2243168036556643310 194824187334452407
1899675409138234126 855412941791723825
1899675409138234126 855412941791723825
1899675409138234126 855412941791723825
1899675409138234126 855412941791723825
1899675409138234126 855412941791723825
1899675409138234126 855412941791723825
1899675409138234126 855412941791723825
128147393164130262 147072027667830656
128147393164130262 147072027667830656
128147393164130262 147072027667830656
128147393164130262 147072027667830656
128147393164130262 147072027667830656
128147393164130262 147072027667830656
128147393164130262 147072027667830656
128147393164130262 147072027667830656
525143227781825069 1124582954999756974
525143227781825069 1124582954999756974
525143227781825069 1124582954999756974
525143227781825069 1124582954999756974
525143227781825069 1124582954999756974
525143227781825069 1124582954999756974
525143227781825069 1124582954999756974
856456587297619959 2002794654778595577
856456587297619959 2002794654778595577
856456587297619959 2002794654778595577
856456587297619959 2002794654778595577
856456587297619959 2002794654778595577
856456587297619959 2002794654778595577
856456587297619959 2002794654778595577
831371056962099562 1501201221594904513
1650156678356667687 1912700604943752915
1650156678356667687 1912700604943752915
1650156678356667687 1912700604943752915
1650156678356667687 1912700604943752915
1650156678356667687 1912700604943752915
1650156678356667687 1912700604943752915
435624440387261181 1179493252215519698
435624440387261181 1179493252215519698
435624440387261181 1179493252215519698
435624440387261181 1179493252215519698
507752170878638674 1618629598248632275
507752170878638674 1618629598248632275
507752170878638674 1618629598248632275
507752170878638674 1618629598248632275
507752170878638674 1618629598248632275
507752170878638674 1618629598248632275
507752170878638674 1618629598248632275
115340348698534148 1006393030794525568
115340348698534148 1006393030794525568
115340348698534148 1006393030794525568
115340348698534148 1006393030794525568
115340348698534148 1006393030794525568
115340348698534148 1006393030794525568
115340348698534148 1006393030794525568
115340348698534148 1006393030794525568
1649362598951674226 1520870448343731424
1649362598951674226 1520870448343731424
1649362598951674226 1520870448343731424
1649362598951674226 1520870448343731424
1649362598951674226 1520870448343731424
1649362598951674226 1520870448343731424
1923069438800705368 265263628051925026
1923069438800705368 265263628051925026
1923069438800705368 265263628051925026
1923069438800705368 265263628051925026
1923069438800705368 265263628051925026
1923069438800705368 265263628051925026
1923069438800705368 265263628051925026
1923069438800705368 265263628051925026
788997019959694168 43129693219019879
788997019959694168 43129693219019879
788997019959694168 43129693219019879
788997019959694168 43129693219019879
1723955492162368196 1657582147456125016
1723955492162368196 1657582147456125016
1723955492162368196 1657582147456125016
1723955492162368196 1657582147456125016
1723955492162368196 1657582147456125016
1723955492162368196 1657582147456125016
1723955492162368196 1657582147456125016
1723955492162368196 1657582147456125016
1209571043083748431 2295758801515099392
1209571043083748431 2295758801515099392
1209571043083748431 2295758801515099392
1209571043083748431 2295758801515099392
1209571043083748431 2295758801515099392
1209571043083748431 2295758801515099392
1209571043083748431 2295758801515099392
1209571043083748431 2295758801515099392
162369962349887661 1528173448837174001
162369962349887661 1528173448837174001
162369962349887661 1528173448837174001
162369962349887661 1528173448837174001
162369962349887661 1528173448837174001
162369962349887661 1528173448837174001
162369962349887661 1528173448837174001
162369962349887661 1528173448837174001
691627137296466945 245968705880748667
691627137296466945 245968705880748667
691627137296466945 245968705880748667
691627137296466945 245968705880748667
691627137296466945 245968705880748667
339562637035145825 1968844603303249941
339562637035145825 1968844603303249941
339562637035145825 1968844603303249941
339562637035145825 1968844603303249941
339562637035145825 1968844603303249941
339562637035145825 1968844603303249941
339562637035145825 1968844603303249941
748006507868481550 2195935552685073617
748006507868481550 2195935552685073617
748006507868481550 2195935552685073617
748006507868481550 2195935552685073617
748006507868481550 2195935552685073617
748006507868481550 2195935552685073617
748006507868481550 2195935552685073617
748006507868481550 2195935552685073617
818670446783639524 549114124283684152
818670446783639524 549114124283684152
818670446783639524 549114124283684152
469984077524437164 1681581413227656992
469984077524437164 1681581413227656992
469984077524437164 1681581413227656992
469984077524437164 1681581413227656992
20418437324817872 137090925797306394
20418437324817872 137090925797306394
20418437324817872 137090925797306394
20418437324817872 137090925797306394
20418437324817872 137090925797306394
1021472359661760294 913912169237134145
1021472359661760294 913912169237134145
1021472359661760294 913912169237134145
1021472359661760294 913912169237134145
1021472359661760294 913912169237134145
1292017579132217469 1475971052618490150
1292017579132217469 1475971052618490150
1292017579132217469 1475971052618490150
1292017579132217469 1475971052618490150
433953656032206912 1014226318336794191
433953656032206912 1014226318336794191
433953656032206912 1014226318336794191
433953656032206912 1014226318336794191
433953656032206912 1014226318336794191
433953656032206912 1014226318336794191
433953656032206912 1014226318336794191
433953656032206912 1014226318336794191
132282002493129042 579208764231721093
132282002493129042 579208764231721093
132282002493129042 579208764231721093
132282002493129042 579208764231721093
1049419997739242692 337103346306293786
1049419997739242692 337103346306293786
321734933315903031 773042712535305690
321734933315903031 773042712535305690
321734933315903031 773042712535305690
321734933315903031 773042712535305690
321734933315903031 773042712535305690
1753241319159550393 1626049249449254813
1753241319159550393 1626049249449254813
1753241319159550393 1626049249449254813
1753241319159550393 1626049249449254813
1753241319159550393 1626049249449254813
1753241319159550393 1626049249449254813
1753241319159550393 1626049249449254813
1753241319159550393 1626049249449254813
1753241319159550393 1626049249449254813
633862728732521299 1537936460348191814
633862728732521299 1537936460348191814
2149983686808619313 1214893227210582078
2149983686808619313 1214893227210582078
2149983686808619313 1214893227210582078
231695253456485091 1548182372691991819
231695253456485091 1548182372691991819
231695253456485091 1548182372691991819
231695253456485091 1548182372691991819
231695253456485091 1548182372691991819
231695253456485091 1548182372691991819
231695253456485091 1548182372691991819
231695253456485091 1548182372691991819
2233154749949262240 772396347904773826
2233154749949262240 772396347904773826
2233154749949262240 772396347904773826
1962470342324945281 486346764397432542
1962470342324945281 486346764397432542
1355925490097596830 1629088307391022469
1355925490097596830 1629088307391022469
1355925490097596830 1629088307391022469
1355925490097596830 1629088307391022469
1184985924152755207 1465218144829456376
1184985924152755207 1465218144829456376
1184985924152755207 1465218144829456376
1184985924152755207 1465218144829456376
1184985924152755207 1465218144829456376
1184985924152755207 1465218144829456376
1688726663205313220 2241188524560862636
1688726663205313220 2241188524560862636
1688726663205313220 2241188524560862636
1688726663205313220 2241188524560862636
1688726663205313220 2241188524560862636
1688726663205313220 2241188524560862636
1688726663205313220 2241188524560862636
175733821805126259 1408120476024066561
175733821805126259 1408120476024066561
175733821805126259 1408120476024066561
175733821805126259 1408120476024066561
1648120689986634045 1067445930425276228
1648120689986634045 1067445930425276228
1648120689986634045 1067445930425276228
1648120689986634045 1067445930425276228
1648120689986634045 1067445930425276228
2040082114593148843 1663390543046597976
2040082114593148843 1663390543046597976
2040082114593148843 1663390543046597976
2040082114593148843 1663390543046597976
2040082114593148843 1663390543046597976
2040082114593148843 1663390543046597976
1627768022015176621 273938649559577821
1627768022015176621 273938649559577821
1627768022015176621 273938649559577821
1627768022015176621 273938649559577821
1627768022015176621 273938649559577821
1627768022015176621 273938649559577821
1627768022015176621 273938649559577821
1627768022015176621 273938649559577821
264752065524739551 407114870596839069
264752065524739551 407114870596839069
264752065524739551 407114870596839069
264752065524739551 407114870596839069
2072304410108306857 1779123340157872640
2072304410108306857 1779123340157872640
2072304410108306857 1779123340157872640
2072304410108306857 1779123340157872640
2072304410108306857 1779123340157872640
2072304410108306857 1779123340157872640
2072304410108306857 1779123340157872640
1482998917846910632 2249673402146120431
1482998917846910632 2249673402146120431
1482998917846910632 2249673402146120431
441924769822142247 343599627362371464
441924769822142247 343599627362371464
441924769822142247 343599627362371464
441924769822142247 343599627362371464
441924769822142247 343599627362371464
441924769822142247 343599627362371464
441924769822142247 343599627362371464
441924769822142247 343599627362371464
441924769822142247 343599627362371464
1878036582317733604 2069678755422583469
1878036582317733604 2069678755422583469
1878036582317733604 2069678755422583469
1878036582317733604 2069678755422583469
1878036582317733604 2069678755422583469
217766652098785388 1885193905215422254
217766652098785388 1885193905215422254
217766652098785388 1885193905215422254
217766652098785388 1885193905215422254
1780383140320994852 379974037338067934
1780383140320994852 379974037338067934
1780383140320994852 379974037338067934
1780383140320994852 379974037338067934
894458397479838960 1861340077366192400
894458397479838960 1861340077366192400
894458397479838960 1861340077366192400
894458397479838960 1861340077366192400
894458397479838960 1861340077366192400
2052523980480429805 310079981436529304
2052523980480429805 310079981436529304
2052523980480429805 310079981436529304
2052523980480429805 310079981436529304
2052523980480429805 310079981436529304
2052523980480429805 310079981436529304
2052523980480429805 310079981436529304
2052523980480429805 310079981436529304
224962365160848945 2144397152497306092
224962365160848945 2144397152497306092
1618802156034553242 197389026854464165
1618802156034553242 197389026854464165
1618802156034553242 197389026854464165
1618802156034553242 197389026854464165
1618802156034553242 197389026854464165
1214460804063257018 1439715464967033110
1214460804063257018 1439715464967033110
1214460804063257018 1439715464967033110
1214460804063257018 1439715464967033110
1214460804063257018 1439715464967033110
1214460804063257018 1439715464967033110
1214460804063257018 1439715464967033110
18337071226038818 636493303570103876
18337071226038818 636493303570103876
18337071226038818 636493303570103876
18337071226038818 636493303570103876
18337071226038818 636493303570103876
18337071226038818 636493303570103876
18337071226038818 636493303570103876
18337071226038818 636493303570103876
18337071226038818 636493303570103876
2087174242408101686 2163896279441044737
2087174242408101686 2163896279441044737
2087174242408101686 2163896279441044737
2087174242408101686 2163896279441044737
1890583353967438628 459501566331681855
1890583353967438628 459501566331681855
1890583353967438628 459501566331681855
1890583353967438628 459501566331681855
1890583353967438628 459501566331681855
1890583353967438628 459501566331681855
1890583353967438628 459501566331681855
1406237760635069816 343581515007298833
1406237760635069816 343581515007298833
1406237760635069816 343581515007298833
1406237760635069816 343581515007298833
1406237760635069816 343581515007298833
2241532817114536322 533487322755975137
2241532817114536322 533487322755975137
2241532817114536322 533487322755975137
2241532817114536322 533487322755975137
2241532817114536322 533487322755975137
2241532817114536322 533487322755975137
2241532817114536322 533487322755975137
2241532817114536322 533487322755975137
2241532817114536322 533487322755975137
2241532817114536322 533487322755975137
1209629999345620814 1813369062489470594
1209629999345620814 1813369062489470594
1209629999345620814 1813369062489470594
1209629999345620814 1813369062489470594
507890122848459001 129340624977892442
507890122848459001 129340624977892442
507890122848459001 129340624977892442
507890122848459001 129340624977892442
507890122848459001 129340624977892442
507890122848459001 129340624977892442
507890122848459001 129340624977892442
507890122848459001 129340624977892442
507890122848459001 129340624977892442
852059683327892633 314866227820926477
852059683327892633 314866227820926477
852059683327892633 314866227820926477
852059683327892633 314866227820926477
852059683327892633 314866227820926477
852059683327892633 314866227820926477
852059683327892633 314866227820926477
852059683327892633 314866227820926477
852059683327892633 314866227820926477
852059683327892633 314866227820926477
509530369909238565 809003672205925786
509530369909238565 809003672205925786
509530369909238565 809003672205925786
509530369909238565 809003672205925786
509530369909238565 809003672205925786
2168970026717544887 768201656864252349
2168970026717544887 768201656864252349
2168970026717544887 768201656864252349
2168970026717544887 768201656864252349
2168970026717544887 768201656864252349
2168970026717544887 768201656864252349
2168970026717544887 768201656864252349
1895313064515960051 936395820925422099
1895313064515960051 936395820925422099
1895313064515960051 936395820925422099
1895313064515960051 936395820925422099
1895313064515960051 936395820925422099
1895313064515960051 936395820925422099
1517202930372918303 2220329749728479608
1517202930372918303 2220329749728479608
1517202930372918303 2220329749728479608
1517202930372918303 2220329749728479608
1517202930372918303 2220329749728479608
1517202930372918303 2220329749728479608
1517202930372918303 2220329749728479608
1517202930372918303 2220329749728479608
184580421971896653 472844022871624230
1762516694210289364 1879419892680430908
1762516694210289364 1879419892680430908
1762516694210289364 1879419892680430908
1762516694210289364 1879419892680430908
1762516694210289364 1879419892680430908
1762516694210289364 1879419892680430908
1762516694210289364 1879419892680430908
1762516694210289364 1879419892680430908
1762516694210289364 1879419892680430908
1762516694210289364 1879419892680430908
1762516694210289364 1879419892680430908
2154866508060428492 942721305728628706
2154866508060428492 942721305728628706
2154866508060428492 942721305728628706
2154866508060428492 942721305728628706
2154866508060428492 942721305728628706
2154866508060428492 942721305728628706
2154866508060428492 942721305728628706
2154866508060428492 942721305728628706
2154866508060428492 942721305728628706
2154866508060428492 942721305728628706
2154866508060428492 942721305728628706
1604209038934022652 167503628024213132
1604209038934022652 167503628024213132
1604209038934022652 167503628024213132
1604209038934022652 167503628024213132
1604209038934022652 167503628024213132
1561181133863253909 1051881787368336505
1561181133863253909 1051881787368336505
1561181133863253909 1051881787368336505
1545200397071307581 1627302445184206748
816527380962897152 1988297084786191958
816527380962897152 1988297084786191958
816527380962897152 1988297084786191958
816527380962897152 1988297084786191958
816527380962897152 1988297084786191958
816527380962897152 1988297084786191958
816527380962897152 1988297084786191958
816527380962897152 1988297084786191958
816527380962897152 1988297084786191958
816527380962897152 1988297084786191958
816527380962897152 1988297084786191958
1183706058640459023 979279056810540017
1183706058640459023 979279056810540017
1183706058640459023 979279056810540017
1183706058640459023 979279056810540017
1183706058640459023 979279056810540017
2015402242452455803 1504850274832821114
2015402242452455803 1504850274832821114
2015402242452455803 1504850274832821114
2015402242452455803 1504850274832821114
2015402242452455803 1504850274832821114
2015402242452455803 1504850274832821114
2015402242452455803 1504850274832821114
2015402242452455803 1504850274832821114
2015402242452455803 1504850274832821114
1213961782708245762 1762123289922489350
1213961782708245762 1762123289922489350
1213961782708245762 1762123289922489350
1213961782708245762 1762123289922489350
1213961782708245762 1762123289922489350
1213961782708245762 1762123289922489350
1213961782708245762 1762123289922489350
1213961782708245762 1762123289922489350
1213961782708245762 1762123289922489350
1213961782708245762 1762123289922489350
1219213006197744806 1668494317507094619
1219213006197744806 1668494317507094619
1219213006197744806 1668494317507094619
1219213006197744806 1668494317507094619
1219213006197744806 1668494317507094619
1219213006197744806 1668494317507094619
1358032334408433256 1287145944085689724
1358032334408433256 1287145944085689724
1358032334408433256 1287145944085689724
1358032334408433256 1287145944085689724
1358032334408433256 1287145944085689724
1358032334408433256 1287145944085689724
1358032334408433256 1287145944085689724
515022430143068061 750153656798694318
515022430143068061 750153656798694318
515022430143068061 750153656798694318
515022430143068061 750153656798694318
515022430143068061 750153656798694318
515022430143068061 750153656798694318
302527402895004203 1514964188876701032
302527402895004203 1514964188876701032
302527402895004203 1514964188876701032
584862917029315803 870211428713904954
584862917029315803 870211428713904954
584862917029315803 870211428713904954
584862917029315803 870211428713904954
584862917029315803 870211428713904954
1094342484815808994 1507503962083261566
1094342484815808994 1507503962083261566
1094342484815808994 1507503962083261566
1094342484815808994 1507503962083261566
1094342484815808994 1507503962083261566
1094342484815808994 1507503962083261566
1094342484815808994 1507503962083261566
463075223171357200 1731870278820684173
1204587552703444752 1905216003736553031
1204587552703444752 1905216003736553031
1204587552703444752 1905216003736553031
1204587552703444752 1905216003736553031
1204587552703444752 1905216003736553031
1626252702906823494 727121527598292392
1626252702906823494 727121527598292392
1626252702906823494 727121527598292392
1626252702906823494 727121527598292392
1626252702906823494 727121527598292392
1626252702906823494 727121527598292392
2278170953393574404 725274001690333974
2278170953393574404 725274001690333974
2278170953393574404 725274001690333974
2278170953393574404 725274001690333974
642929184581283222 212913135280027604
642929184581283222 212913135280027604
642929184581283222 212913135280027604
642929184581283222 212913135280027604
642929184581283222 212913135280027604
642929184581283222 212913135280027604
642929184581283222 212913135280027604
642929184581283222 212913135280027604
642929184581283222 212913135280027604
2171210999939480413 1071646467753967782
2171210999939480413 1071646467753967782
2171210999939480413 1071646467753967782
2171210999939480413 1071646467753967782
2171210999939480413 1071646467753967782
2171210999939480413 1071646467753967782
2171210999939480413 1071646467753967782
2171210999939480413 1071646467753967782
1391134997050246307 1359256380459981882
1391134997050246307 1359256380459981882
1391134997050246307 1359256380459981882
1391134997050246307 1359256380459981882
1391134997050246307 1359256380459981882
854597775190368704 2028715995489549952
854597775190368704 2028715995489549952
854597775190368704 2028715995489549952
854597775190368704 2028715995489549952
854597775190368704 2028715995489549952
854597775190368704 2028715995489549952
854597775190368704 2028715995489549952
854597775190368704 2028715995489549952
2040946119746615783 1154775710519567030
2040946119746615783 1154775710519567030
2040946119746615783 1154775710519567030
1528160487988293559 205248955454793681
1528160487988293559 205248955454793681
1528160487988293559 205248955454793681
1528160487988293559 205248955454793681
1528160487988293559 205248955454793681
1528160487988293559 205248955454793681
1528160487988293559 205248955454793681
1974320241365579405 265926032708521362
1974320241365579405 265926032708521362
1974320241365579405 265926032708521362
1974320241365579405 265926032708521362
1974320241365579405 265926032708521362
1974320241365579405 265926032708521362
1974320241365579405 265926032708521362
1974320241365579405 265926032708521362
1386647096527599908 2232675351307834466
1386647096527599908 2232675351307834466
1386647096527599908 2232675351307834466
1386647096527599908 2232675351307834466
2260367458591850737 322032426243683139
2260367458591850737 322032426243683139
2260367458591850737 322032426243683139
1070585405966077866 1750257069604705424
1070585405966077866 1750257069604705424
1070585405966077866 1750257069604705424
1275829492093040789 1772429726434866112
1275829492093040789 1772429726434866112
1275829492093040789 1772429726434866112
141271071620325338 1288602957139061142
141271071620325338 1288602957139061142
141271071620325338 1288602957139061142
141271071620325338 1288602957139061142
141271071620325338 1288602957139061142
141271071620325338 1288602957139061142
1630638814341610951 131393949547465159
1630638814341610951 131393949547465159
1630638814341610951 131393949547465159
1630638814341610951 131393949547465159
1630638814341610951 131393949547465159
1630638814341610951 131393949547465159
1630638814341610951 131393949547465159
1630638814341610951 131393949547465159
1630638814341610951 131393949547465159
1861231854047951214 838270988400215667
1861231854047951214 838270988400215667
1861231854047951214 838270988400215667
767640785640005614 1456755822467410361
767640785640005614 1456755822467410361
767640785640005614 1456755822467410361
767640785640005614 1456755822467410361
1525333037253200748 766301292948656657
1525333037253200748 766301292948656657
768215450961270588 783051245530379591
768215450961270588 783051245530379591
768215450961270588 783051245530379591
768215450961270588 783051245530379591
768215450961270588 783051245530379591
1650883368895290214 112092512808691092
1650883368895290214 112092512808691092
1650883368895290214 112092512808691092
2119146211012114202 2076127446934620100
2119146211012114202 2076127446934620100
2119146211012114202 2076127446934620100
2119146211012114202 2076127446934620100
2119146211012114202 2076127446934620100
2119146211012114202 2076127446934620100
2119146211012114202 2076127446934620100
1616357032956980582 841235471500997259
1616357032956980582 841235471500997259
1616357032956980582 841235471500997259
1854958064369324895 569953142796669631
1854958064369324895 569953142796669631
1854958064369324895 569953142796669631
1854958064369324895 569953142796669631
1854958064369324895 569953142796669631
2175548179795810787 316819074063167074
2175548179795810787 316819074063167074
2175548179795810787 316819074063167074
2175548179795810787 316819074063167074
2175548179795810787 316819074063167074
2072820833720048210 2095603733484419061
2072820833720048210 2095603733484419061
2072820833720048210 2095603733484419061
2072820833720048210 2095603733484419061
2072820833720048210 2095603733484419061
2072820833720048210 2095603733484419061
289962961723581641 211603750401963839
289962961723581641 211603750401963839
289962961723581641 211603750401963839
289962961723581641 211603750401963839
289962961723581641 211603750401963839
289962961723581641 211603750401963839
289962961723581641 211603750401963839
289962961723581641 211603750401963839
8858277039505814 2261049952710690856
8858277039505814 2261049952710690856
8858277039505814 2261049952710690856
8858277039505814 2261049952710690856
2172858138588483964 155221913110045093
2172858138588483964 155221913110045093
2172858138588483964 155221913110045093
2172858138588483964 155221913110045093
2172858138588483964 155221913110045093
1709298327521343457 2109723185224141052
1709298327521343457 2109723185224141052
1709298327521343457 2109723185224141052
1709298327521343457 2109723185224141052
1709298327521343457 2109723185224141052
1709298327521343457 2109723185224141052
1709298327521343457 2109723185224141052
25315645585085162 1250122513507014329
25315645585085162 1250122513507014329
1877393931116340419 1726763991311256614
1877393931116340419 1726763991311256614
1877393931116340419 1726763991311256614
1877393931116340419 1726763991311256614
1170081528299595854 624467093773570142
1170081528299595854 624467093773570142
1170081528299595854 624467093773570142
1925627700988667927 658231379764960876
1925627700988667927 658231379764960876
1925627700988667927 658231379764960876
1925627700988667927 658231379764960876
1925627700988667927 658231379764960876
1925627700988667927 658231379764960876
1187297545926518286 159620358897999700
1187297545926518286 159620358897999700
1187297545926518286 159620358897999700
1187297545926518286 159620358897999700
703330339267346776 1309627404537826698
703330339267346776 1309627404537826698
703330339267346776 1309627404537826698
703330339267346776 1309627404537826698
703330339267346776 1309627404537826698
703330339267346776 1309627404537826698
703330339267346776 1309627404537826698
703330339267346776 1309627404537826698
757925842473573824 540359268272424677
1393648242260016351 592927484248957274
1393648242260016351 592927484248957274
1393648242260016351 592927484248957274
1393648242260016351 592927484248957274
1393648242260016351 592927484248957274
1393648242260016351 592927484248957274
2165355943967930673 1305885946638889383
2165355943967930673 1305885946638889383
2165355943967930673 1305885946638889383
2165355943967930673 1305885946638889383
1235037304255611725 1922506209500430297
1235037304255611725 1922506209500430297
1212306775706670365 1958595641024346385
1212306775706670365 1958595641024346385
1212306775706670365 1958595641024346385
1212306775706670365 1958595641024346385
1212306775706670365 1958595641024346385
2201943737737002405 1384971127648039947
2201943737737002405 1384971127648039947
2201943737737002405 1384971127648039947
2201943737737002405 1384971127648039947
2201943737737002405 1384971127648039947
2201943737737002405 1384971127648039947
2201943737737002405 1384971127648039947
59268855608762892 2055529755329039358
59268855608762892 2055529755329039358
59268855608762892 2055529755329039358
59268855608762892 2055529755329039358
59268855608762892 2055529755329039358
59268855608762892 2055529755329039358
59268855608762892 2055529755329039358
102128040656833032 694294946975353695
102128040656833032 694294946975353695
102128040656833032 694294946975353695
102128040656833032 694294946975353695
102128040656833032 694294946975353695
102128040656833032 694294946975353695
1749001283426285881 293248434478951798
1749001283426285881 293248434478951798
1749001283426285881 293248434478951798
1749001283426285881 293248434478951798
1749001283426285881 293248434478951798
1749001283426285881 293248434478951798
545367390364658881 1949561324725527764
545367390364658881 1949561324725527764
545367390364658881 1949561324725527764
1589044568627101779 1929570797133835209
1589044568627101779 1929570797133835209
1589044568627101779 1929570797133835209
1589044568627101779 1929570797133835209
1433507919837901766 689638190237099816
1433507919837901766 689638190237099816
1433507919837901766 689638190237099816
1433507919837901766 689638190237099816
1433507919837901766 689638190237099816
1433507919837901766 689638190237099816
1433507919837901766 689638190237099816
676186958718917897 427478413546938486
676186958718917897 427478413546938486
676186958718917897 427478413546938486
676186958718917897 427478413546938486
676186958718917897 427478413546938486
1871816349360705704 1494489080919527489
1871816349360705704 1494489080919527489
1871816349360705704 1494489080919527489
1871816349360705704 1494489080919527489
1871816349360705704 1494489080919527489
1871816349360705704 1494489080919527489
1871816349360705704 1494489080919527489
1871816349360705704 1494489080919527489
1162685450551189506 1544630667395966522
1162685450551189506 1544630667395966522
1162685450551189506 1544630667395966522
1162685450551189506 1544630667395966522
1162685450551189506 1544630667395966522
1162685450551189506 1544630667395966522
1162685450551189506 1544630667395966522
1162685450551189506 1544630667395966522
1162685450551189506 1544630667395966522
1655376269083283347 1245957090022147816
1655376269083283347 1245957090022147816
1655376269083283347 1245957090022147816
1655376269083283347 1245957090022147816
1655376269083283347 1245957090022147816
1655376269083283347 1245957090022147816
1378237080439477142 1271827315031707260
1378237080439477142 1271827315031707260
1378237080439477142 1271827315031707260
1378237080439477142 1271827315031707260
1187401640640797982 775123885130725084
1187401640640797982 775123885130725084
1187401640640797982 775123885130725084
1187401640640797982 775123885130725084
1187401640640797982 775123885130725084
84652952595897833 2302869199720176362
84652952595897833 2302869199720176362
84652952595897833 2302869199720176362
84652952595897833 2302869199720176362
84652952595897833 2302869199720176362
615278495505596519 748881086928168980
615278495505596519 748881086928168980
615278495505596519 748881086928168980
1474259730147654857 958661935217468115
1474259730147654857 958661935217468115
1474259730147654857 958661935217468115
1474259730147654857 958661935217468115
1780356744485448310 1928345644188129333
1780356744485448310 1928345644188129333
1780356744485448310 1928345644188129333
1780356744485448310 1928345644188129333
1780356744485448310 1928345644188129333
1780356744485448310 1928345644188129333
1780356744485448310 1928345644188129333
1780356744485448310 1928345644188129333
1780356744485448310 1928345644188129333
1780356744485448310 1928345644188129333
1780356744485448310 1928345644188129333
1780356744485448310 1928345644188129333
1780356744485448310 1928345644188129333
1031720900077600857 1292987534831925688
1031720900077600857 1292987534831925688
1031720900077600857 1292987534831925688
1031720900077600857 1292987534831925688
1031720900077600857 1292987534831925688
122484725408311200 2056076926951559573
122484725408311200 2056076926951559573
122484725408311200 2056076926951559573
122484725408311200 2056076926951559573
122484725408311200 2056076926951559573
122484725408311200 2056076926951559573
122484725408311200 2056076926951559573
2283409155738920192 1267933098182591138
2283409155738920192 1267933098182591138
2283409155738920192 1267933098182591138
429031030251414223 2237152876774041973
429031030251414223 2237152876774041973
429031030251414223 2237152876774041973
429031030251414223 2237152876774041973
429031030251414223 2237152876774041973
429031030251414223 2237152876774041973
429031030251414223 2237152876774041973
429031030251414223 2237152876774041973
429031030251414223 2237152876774041973
429031030251414223 2237152876774041973
429031030251414223 2237152876774041973
429031030251414223 2237152876774041973
280107767798395667 1187990512409885020
280107767798395667 1187990512409885020
1615844281481445672 641218840246459490
1615844281481445672 641218840246459490
1615844281481445672 641218840246459490
1615844281481445672 641218840246459490
1615844281481445672 641218840246459490
219858286617155473 582318123570191393
219858286617155473 582318123570191393
219858286617155473 582318123570191393
219858286617155473 582318123570191393
219858286617155473 582318123570191393
219858286617155473 582318123570191393
219858286617155473 582318123570191393
219858286617155473 582318123570191393
219858286617155473 582318123570191393
219858286617155473 582318123570191393
181805385629128344 1604881766394334148
181805385629128344 1604881766394334148
181805385629128344 1604881766394334148
181805385629128344 1604881766394334148
181805385629128344 1604881766394334148
181805385629128344 1604881766394334148
220407919309406993 2276747190663479383
220407919309406993 2276747190663479383
220407919309406993 2276747190663479383
220407919309406993 2276747190663479383
220407919309406993 2276747190663479383
220407919309406993 2276747190663479383
1092223911147464778 332621114701094479
1092223911147464778 332621114701094479
1092223911147464778 332621114701094479
1092223911147464778 332621114701094479
1092223911147464778 332621114701094479
1092223911147464778 332621114701094479
1092223911147464778 332621114701094479
1092223911147464778 332621114701094479
552865603530781311 514579271903037473
552865603530781311 514579271903037473
552865603530781311 514579271903037473
552865603530781311 514579271903037473
552865603530781311 514579271903037473
552865603530781311 514579271903037473
1218789506562308966 1893487966519546965
1218789506562308966 1893487966519546965
1218789506562308966 1893487966519546965
1218789506562308966 1893487966519546965
1218789506562308966 1893487966519546965
1218789506562308966 1893487966519546965
1218789506562308966 1893487966519546965
1218789506562308966 1893487966519546965
738572820099114535 410631579510734703
738572820099114535 410631579510734703
738572820099114535 410631579510734703
738572820099114535 410631579510734703
161440879369200961 1654320365049842688
161440879369200961 1654320365049842688
161440879369200961 1654320365049842688
161440879369200961 1654320365049842688
161440879369200961 1654320365049842688
1380457079799188295 1794444099753337288
1380457079799188295 1794444099753337288
1380457079799188295 1794444099753337288
1380457079799188295 1794444099753337288
1380457079799188295 1794444099753337288
1380457079799188295 1794444099753337288
1380457079799188295 1794444099753337288
1380457079799188295 1794444099753337288
1380457079799188295 1794444099753337288
1380457079799188295 1794444099753337288
1566907377329853812 955492145843850364
1566907377329853812 955492145843850364
1566907377329853812 955492145843850364
1566907377329853812 955492145843850364
1566907377329853812 955492145843850364
1566907377329853812 955492145843850364
1840952975572965202 201721665821223370
1840952975572965202 201721665821223370
1840952975572965202 201721665821223370
1840952975572965202 201721665821223370
1840952975572965202 201721665821223370
1840952975572965202 201721665821223370
1973619447423365068 2239188452886252809
1973619447423365068 2239188452886252809
1973619447423365068 2239188452886252809
833115015705438143 1282072071741743777
833115015705438143 1282072071741743777
833115015705438143 1282072071741743777
833115015705438143 1282072071741743777
833115015705438143 1282072071741743777
833115015705438143 1282072071741743777
833115015705438143 1282072071741743777
833115015705438143 1282072071741743777
833115015705438143 1282072071741743777
604220849741992097 729027641622511416
604220849741992097 729027641622511416
604220849741992097 729027641622511416
604220849741992097 729027641622511416
2088846720037159152 2276107595693942842
2088846720037159152 2276107595693942842
2088846720037159152 2276107595693942842
2088846720037159152 2276107595693942842
2088846720037159152 2276107595693942842
2088846720037159152 2276107595693942842
441565380320442804 1609119189643279255
441565380320442804 1609119189643279255
441565380320442804 1609119189643279255
441565380320442804 1609119189643279255
441565380320442804 1609119189643279255
1107803250788403679 154930206626013192
1107803250788403679 154930206626013192
1107803250788403679 154930206626013192
1107803250788403679 154930206626013192
1107803250788403679 154930206626013192
1107803250788403679 154930206626013192
1107803250788403679 154930206626013192
1107803250788403679 154930206626013192
386123564504989035 2234556702868707291
386123564504989035 2234556702868707291
386123564504989035 2234556702868707291
1546271734953194318 1389012944144249734
1546271734953194318 1389012944144249734
1546271734953194318 1389012944144249734
1546271734953194318 1389012944144249734
1546271734953194318 1389012944144249734
1546271734953194318 1389012944144249734
1546271734953194318 1389012944144249734
1546271734953194318 1389012944144249734
7580616634716807 1532003976793002268
7580616634716807 1532003976793002268
7580616634716807 1532003976793002268
7580616634716807 1532003976793002268
7580616634716807 1532003976793002268
7580616634716807 1532003976793002268
7580616634716807 1532003976793002268
7580616634716807 1532003976793002268
727771678260511275 1963537940351951857
727771678260511275 1963537940351951857
727771678260511275 1963537940351951857
727771678260511275 1963537940351951857
727771678260511275 1963537940351951857
727771678260511275 1963537940351951857
727771678260511275 1963537940351951857
2102661917788510388 1840705379800978559
2102661917788510388 1840705379800978559
2102661917788510388 1840705379800978559
1670250095792250646 1300224081280507814
1670250095792250646 1300224081280507814
1670250095792250646 1300224081280507814
1670250095792250646 1300224081280507814
1670250095792250646 1300224081280507814
1301080266343911599 562364050180940397
1301080266343911599 562364050180940397
1301080266343911599 562364050180940397
1301080266343911599 562364050180940397
1301080266343911599 562364050180940397
1301080266343911599 562364050180940397
262275131306497131 18347033540605906
262275131306497131 18347033540605906
773111929357121729 270672292779777781
773111929357121729 270672292779777781
773111929357121729 270672292779777781
773111929357121729 270672292779777781
773111929357121729 270672292779777781
773111929357121729 270672292779777781
773111929357121729 270672292779777781
1703569218650317084 2093374773243511949
1703569218650317084 2093374773243511949
1703569218650317084 2093374773243511949
1703569218650317084 2093374773243511949
1703569218650317084 2093374773243511949
1059511187888183431 1080371912544012613
1059511187888183431 1080371912544012613
1059511187888183431 1080371912544012613
1059511187888183431 1080371912544012613
1059511187888183431 1080371912544012613
1059511187888183431 1080371912544012613
1059511187888183431 1080371912544012613
1059511187888183431 1080371912544012613
1059511187888183431 1080371912544012613
1059511187888183431 1080371912544012613
1707043233526610410 1577501440023576105
1707043233526610410 1577501440023576105
1707043233526610410 1577501440023576105
1707043233526610410 1577501440023576105
1707043233526610410 1577501440023576105
1707043233526610410 1577501440023576105
361173477561426226 1045372472875745173
361173477561426226 1045372472875745173
361173477561426226 1045372472875745173
361173477561426226 1045372472875745173
361173477561426226 1045372472875745173
573202070977090560 1079965155198644502
573202070977090560 1079965155198644502
573202070977090560 1079965155198644502
230695483562780236 2169052294129676819
230695483562780236 2169052294129676819
230695483562780236 2169052294129676819
230695483562780236 2169052294129676819
230695483562780236 2169052294129676819
230695483562780236 2169052294129676819
230695483562780236 2169052294129676819
230695483562780236 2169052294129676819
230695483562780236 2169052294129676819
994825926900971951 2004782107987898181
994825926900971951 2004782107987898181
994825926900971951 2004782107987898181
994825926900971951 2004782107987898181
1333648137649098035 1170325172750542302
1333648137649098035 1170325172750542302
151002422513196749 118382704513799607
151002422513196749 118382704513799607
151002422513196749 118382704513799607
151002422513196749 118382704513799607
151002422513196749 118382704513799607
991339337375185132 8069713915828314
991339337375185132 8069713915828314
991339337375185132 8069713915828314
991339337375185132 8069713915828314
991339337375185132 8069713915828314
991339337375185132 8069713915828314
0 0
0 0
0 0
0 0
0 0
0 0
0 0
0 0
0 0
0 0
0 0
0 0
0 0
0 0
0 0
0 0
0 0
0 0
0 0
0 0
0 0
0 0
0 0
0 0
0 0
0 0
0 0
0 0
0 0
0 0
0 0
0 0
0 0
0 0
0 0
0 0
0 0
0 0
0 0
0 0
0 0
0 0
0 0
0 0
0 0
0 0
0 0
0 0
0 0
0 0
0 0
0 0
0 0
0 0
0 0
0 0
0 0
0 0
0 0
0 0
0 0
0 0
0 0
0 0
0 0
0 0
0 0
0 0
0 0
0 0
0 0
0 0
0 0
0 0
0 0
0 0
0 0
0 0
0 0
0 0
0 0
0 0
0 0
0 0
0 0
0 0
0 0
0 0
0 0
0 0
0 0
0 0
0 0
0 0
0 0
0 0
0 0
0 0
0 0
0 0
0 0
0 0
0 0
0 0
0 0
0 0
0 0
0 0
0 0
0 0
0 0
0 0
0 0
0 0
0 0
0 0
0 0
0 0
0 0
0 0
0 0
0 0
0 0
0 0
0 0
0 0
0 0
0 0
0 0
0 0
0 0
0 0
0 0
0 0
0 0
0 0
0 0
0 0
0 0
0 0
0 0
0 0
0 0
0 0
0 0
0 0
0 0
0 0
0 0
0 0
0 0
0 0
0 0
0 0
0 0
0 0
0 0
0 0
0 0
0 0
0 0
0 0
0 0
0 0
0 0
0 0
0 0
0 0
0 0
0 0
0 0
0 0
0 0
0 0
0 0
0 0
0 0
0 0
0 0
0 0
0 0
0 0
0 0
0 0
0 0
0 0
0 0
0 0
0 0
0 0
0 0
0 0
0 0
0 0
0 0
0 0
0 0
0 0
0 0
0 0
0 0
0 0
0 0
0 0
0 0
0 0
0 0
0 0
0 0
0 0
0 0
0 0
0 0
0 0
0 0
0 0
0 0
0 0
0 0
0 0
0 0
0 0
0 0
0 0
0 0
0 0
0 0
0 0
0 0
0 0
0 0
0 0
0 0
0 0
0 0
0 0
0 0
0 0
0 0
0 0
0 0
0 0
0 0
0 0
0 0
0 0
0 0
0 0
0 0
0 0
0 0
0 0
0 0
0 0
0 0
0 0
0 0
0 0
0 0
0 0
0 0
0 0
0 0
0 0
0 0
0 0
0 0
0 0
0 0
0 0
0 0
0 0
0 0
0 0
0 0
0 0
0 0
0 0
0 0
0 0
0 0
0 0
0 0
0 0
0 0
0 0
0 0
0 0
0 0
0 0
0 0
0 0
0 0
0 0
0 0
0 0
0 0
0 0
0 0
0 0
0 0
0 0
0 0
0 0
0 0
0 0
0 0
0 0
0 0
0 0
0 0
0 0
0 0
0 0
0 0
0 0
0 0
0 0
0 0
0 0
0 0
0 0
0 0
0 0
0 0
0 0
0 0
0 0
0 0
0 0
0 0
0 0
0 0
0 0
0 0
0 0
0 0
0 0
0 0
0 0
0 0
0 0
0 0
0 0
0 0
0 0
0 0
0 0
0 0
0 0
0 0
0 0
0 0
0 0
0 0
0 0
0 0
0 0
0 0
0 0
0 0
0 0
0 0
0 0
0 0
0 0
0 0
0 0
0 0
0 0
0 0
0 0
0 0
0 0
0 0
0 0
0 0
0 0
0 0
0 0
0 0
0 0
0 0
0 0
0 0
0 0
0 0
0 0
0 0
0 0
0 0
0 0
0 0
0 0
0 0
0 0
0 0
0 0
0 0
0 0
0 0
0 0
0 0
0 0
0 0
0 0
0 0
0 0
0 0
0 0
0 0
0 0
0 0
0 0
0 0
0 0
0 0
0 0
0 0
0 0
0 0
0 0
0 0
0 0
0 0
0 0
0 0
0 0
0 0
0 0
0 0
0 0
0 0
0 0
0 0
0 0
0 0
0 0
0 0
0 0
0 0
0 0
0 0
0 0
0 0
0 0
0 0
0 0
0 0
0 0
0 0
0 0
0 0
0 0
0 0
0 0
0 0
0 0
0 0
0 0
0 0
0 0
0 0
0 0
0 0
0 0
0 0
0 0
0 0
0 0
0 0
0 0
0 0
0 0
0 0
0 0
0 0
0 0
0 0
0 0
0 0
0 0
0 0
0 0
0 0
0 0
0 0
0 0
0 0
0 0
0 0
0 0
0 0
0 0
0 0
0 0
0 0
0 0
0 0
0 0
0 0
0 0
0 0
0 0
0 0
0 0
0 0
0 0
0 0
0 0
0 0
0 0
0 0
0 0
0 0
0 0
0 0
0 0
0 0
0 0
0 0
0 0
0 0
0 0
0 0
0 0
0 0
0 0
0 0
0 0
0 0
0 0
0 0
0 0
0 0
0 0
0 0
0 0
0 0
0 0
0 0
0 0
0 0
0 0
0 0
0 0
0 0
0 0
0 0
0 0
0 0
0 0
0 0
0 0
0 0
0 0
0 0
0 0
0 0
0 0
0 0
0 0
0 0
0 0
0 0
0 0
0 0
0 0
0 0
0 0
0 0
0 0
0 0
0 0
0 0
0 0
0 0
0 0
0 0
0 0
0 0
0 0
0 0
0 0
0 0
0 0
0 0
0 0
0 0
0 0
0 0
0 0
0 0
0 0
0 0
0 0
0 0
0 0
0 0
0 0
0 0
0 0
0 0
0 0
0 0
0 0
0 0
0 0
0 0
0 0
0 0
0 0
0 0
0 0
0 0
0 0
0 0
0 0
0 0
0 0
0 0
0 0
0 0
0 0
0 0
0 0
0 0
0 0
0 0
0 0
0 0
0 0
0 0
0 0
0 0
0 0
0 0
0 0
0 0
0 0
0 0
0 0
0 0
0 0
0 0
0 0
0 0
0 0
0 0
0 0
0 0
0 0
0 0
0 0
0 0
0 0
0 0
0 0
0 0
0 0
0 0
0 0
0 0
0 0
0 0
0 0
0 0
0 0
0 0
0 0
0 0
0 0
0 0
0 0
0 0
0 0
0 0
0 0
0 0
0 0
0 0
0 0
0 0
0 0
0 0
0 0
0 0
0 0
0 0
0 0
0 0
0 0
0 0
0 0
0 0
0 0
0 0
0 0
0 0
0 0
0 0
0 0
0 0
0 0
0 0
0 0
0 0
0 0
0 0
0 0
0 0
0 0
0 0
0 0
0 0
0 0
0 0
0 0
0 0
0 0
0 0
0 0
0 0
0 0
0 0
0 0
0 0
0 0
0 0
0 0
0 0
0 0
0 0
0 0
0 0
0 0
0 0
0 0
0 0
0 0
0 0
0 0
0 0
0 0
0 0
0 0
0 0
0 0
0 0
0 0
0 0
0 0
0 0
0 0
0 0
0 0
0 0
0 0
0 0
0 0
0 0
0 0
0 0
0 0
0 0
0 0
0 0
0 0
0 0
0 0
0 0
0 0
0 0
0 0
0 0
0 0
0 0
0 0
0 0
0 0
0 0
0 0
0 0
0 0
0 0
0 0
0 0
0 0
0 0
0 0
0 0
0 0
0 0
0 0
0 0
0 0
0 0
0 0
0 0
0 0
0 0
0 0
0 0
0 0
0 0
0 0
0 0
0 0
0 0
0 0
0 0
0 0
0 0
0 0
0 0
0 0
0 0
0 0
0 0
0 0
0 0
0 0
0 0
0 0
0 0
0 0
