81
174
158
182
97
97
188
18
35
211
82
95
100
126
9
37
46
47
33
75
151
209
118
50
102
24
48
91
179
177
11
192
64
169
155
161
198
123
111
14
114
125
109
146
184
118
183
162
97
148
17
180
137
135
10
172
91
211
43
50
168
206
175
12
155
110
105
66
13
148
80
59
54
121
137
170
171
32
112
48
181
130
160
30
45
170
202
69
93
177
51
194
163
6
138
31
116
24
97
61
104
177
52
90
10
189
40
181
154
153
9
115
63
169
145
40
51
60
109
77
17
161
51
113
99
189
144
216
145
21
209
30
130
194
120
140
95
93
101
29
26
42
144
21
143
2
213
126
62
103
203
11
196
34
124
7
4
200
155
149
1
145
111
63
119
164
135
214
37
168
24
215
142
100
168
65
34
161
124
28
196
39
40
104
74
96
112
10
77
47
91
10
192
203
74
23
79
141
170
116
90
126
43
12
158
211
10
193
152
66
1
129
105
193
13
179
70
57
121
79
105
213
89
9
128
95
33
207
17
135
35
39
41
78
203
199
69
213
104
153
211
38
62
97
11
8
56
13
65
110
92
170
35
114
112
163
141
77
82
90
212
117
129
33
127
45
164
196
38
49
129
30
87
124
59
30
132
47
44
129
157
68
12
192
114
124
67
36
201
149
58
193
198
188
158
105
13
102
13
203
83
143
165
170
199
4
201
111
52
177
172
141
177
184
114
4
20
181
192
1
43
30
126
21
150
216
59
163
99
72
79
114
147
176
65
126
113
198
169
97
87
122
18
44
86
64
48
39
178
172
40
1
203
99
174
133
95
165
9
126
18
20
21
165
196
18
72
21
216
21
118
83
75
69
59
162
133
40
133
91
212
173
24
195
204
131
41
80
8
50
138
26
70
91
124
46
109
128
0
37
81
118
52
157
187
112
31
33
84
164
56
8
49
13
204
34
76
25
46
84
7
184
43
77
56
167
55
97
75
55
135
156
106
187
93
73
11
56
38
95
0
95
104
50
40
20
84
116
197
62
200
204
26
23
213
14
122
48
112
197
104
179
66
210
146
91
215
158
148
186
33
80
61
69
130
101
89
146
149
218
208
129
202
167
85
195
181
207
176
5
185
212
184
183
202
43
54
129
201
134
95
166
215
88
168
125
121
189
204
50
188
192
180
102
139
45
10
101
184
186
38
149
178
155
44
92
198
99
153
111
13
29
57
160
49
157
218
171
127
202
1
95
174
113
197
94
90
207
127
55
105
97
136
63
32
181
87
10
212
21
121
157
202
111
98
31
48
96
134
107
78
68
202
32
181
112
58
52
31
117
39
137
215
175
132
27
136
0
190
128
21
23
218
3
66
96
186
47
192
101
154
202
169
69
166
62
181
5
46
144
122
85
61
49
193
194
9
41
194
199
102
147
154
100
82
1
196
48
200
100
81
66
82
182
135
28
177
28
185
3
173
20
21
14
69
214
140
78
35
114
209
137
41
144
169
123
77
145
104
209
177
117
55
39
80
123
0
189
151
185
192
36
205
213
203
55
139
123
65
107
18
55
176
211
131
126
47
208
51
83
129
9
200
184
200
212
87
200
181
171
98
86
207
83
11
190
70
151
26
68
190
44
123
146
187
186
52
166
106
36
29
15
197
162
199
177
86
219
90
200
102
120
66
89
135
9
212
206
160
18
206
62
214
109
209
113
75
41
60
181
9
21
128
206
115
107
96
134
38
118
114
140
18
180
162
153
189
154
71
62
104
57
124
98
98
45
143
173
87
135
66
28
89
194
15
204
14
111
50
204
161
164
125
179
56
219
112
178
153
184
172
189
21
8
219
120
54
142
5
73
58
4
101
79
130
48
215
76
159
46
61
32
210
186
211
47
185
104
5
50
0
109
171
173
117
170
5
171
92
163
24
82
167
126
161
9
174
157
86
46
203
147
78
125
45
2
104
162
38
109
144
38
150
95
143
48
45
149
219
69
92
24
84
191
82
177
132
188
46
218
166
181
77
177
87
54
179
191
148
217
13
72
187
163
99
110
211
76
191
211
78
215
167
162
118
181
51
31
149
98
181
28
59
191
205
78
25
164
50
174
93
215
178
60
90
210
102
82
66
74
5
76
69
104
18
188
217
2
219
146
100
112
106
91
83
91
170
109
187
152
215
60
147
105
52
169
95
155
183
94
9
120
170
10
4
121
198
1
123
129
80
155
22
186
26
105
210
196
146
177
60
73
170
139
179
2
89
206
157
52
12
98
173
115
109
109
16
19
43
71
149
123
6
171
21
184
56
11
93
203
189
153
56
139
73
167
73
94
86
163
146
98
193
31
145
82
141
161
34
184
164
183
19
102
134
192
67
122
204
160
105
105
93
94
176
98
193
29
192
211
124
51
90
98
82
167
112
155
41
146
51
205
109
2
88
175
195
155
78
111
27
115
216
52
141
104
151
115
65
123
106
190
106
128
0
189
76
112
56
117
191
108
34
80
110
54
188
85
141
46
128
168
93
124
1
15
8
152
62
6
207
100
196
26
161
196
215
169
20
51
66
211
91
32
4
202
87
192
219
8
18
128
177
111
184
110
58
125
194
120
131
113
1
39
139
162
167
134
111
187
118
109
179
209
73
183
123
160
87
55
101
105
115
210
148
11
100
207
136
74
39
199
187
40
18
39
134
185
105
177
85
3
218
196
145
72
159
200
12
26
187
45
63
14
35
143
26
135
62
94
141
102
74
41
74
24
80
209
142
185
98
7
121
97
135
198
169
74
178
113
32
78
