1600949354096907956 1000875971790950278
554610992977267003 2170058058690823420
1322624875914905241 1008051825555285585
591533416122380118 116523355441194934
520868419835668464 286728568700017858
367428679888296086 2028013706720715591
1291576405785877065 1202842796331059381
57399891800890209 1850814112687562872
839860292782464705 331491097442011647
1077351781898869293 915474303595347040
1188023010215900001 1196923691543235652
973314756359395414 469891361846620537
707684189136130767 1840101719007972569
255189871639581809 1928678165460598958
358142729566917607 774344528357851569
184410407865584884 793027015659283288
856473803007486870 1919316843532954369
1503663373425385999 1312148575589215591
690234702320749931 782709818022048093
560426709145760170 1693376588234312716
1041082050887138589 1928860437091705803
539846435439276887 377278644121173390
1403064763372097983 870273147765320523
578726363906866107 2240758445617081586
1645425030488248724 636394654013966801
2096632367413447334 536888910631629827
8399852699431173 1667458087579428593
902263446621329964 1871544802913695444
1936045622896705825 557863751371866392
1588668913978516985 1199804696944190687
1868147695232489371 382038691522844879
337336339456660994 1083094705194566175
1872219510828694262 263586517490808493
2206963422184442737 1888239952258262597
1007886737821629160 709187447482597639
956627456717907661 1327257843835661920
1232376852533371211 1576877507162850370
2243168036556643310 194824187334452407
1899675409138234126 855412941791723825
128147393164130262 147072027667830656
525143227781825069 1124582954999756974
856456587297619959 2002794654778595577
831371056962099562 1501201221594904513
1650156678356667687 1912700604943752915
435624440387261181 1179493252215519698
507752170878638674 1618629598248632275
115340348698534148 1006393030794525568
1649362598951674226 1520870448343731424
1923069438800705368 265263628051925026
788997019959694168 43129693219019879
1723955492162368196 1657582147456125016
1209571043083748431 2295758801515099392
162369962349887661 1528173448837174001
1286801782574158064 364000819542766120
691627137296466945 245968705880748667
339562637035145825 1968844603303249941
748006507868481550 2195935552685073617
818670446783639524 549114124283684152
469984077524437164 1681581413227656992
20418437324817872 137090925797306394
1021472359661760294 913912169237134145
1292017579132217469 1475971052618490150
433953656032206912 1014226318336794191
132282002493129042 579208764231721093
1049419997739242692 337103346306293786
321734933315903031 773042712535305690
1753241319159550393 1626049249449254813
633862728732521299 1537936460348191814
2149983686808619313 1214893227210582078
231695253456485091 1548182372691991819
2233154749949262240 772396347904773826
1962470342324945281 486346764397432542
1355925490097596830 1629088307391022469
1184985924152755207 1465218144829456376
1688726663205313220 2241188524560862636
175733821805126259 1408120476024066561
1648120689986634045 1067445930425276228
2040082114593148843 1663390543046597976
1627768022015176621 273938649559577821
264752065524739551 407114870596839069
2072304410108306857 1779123340157872640
1482998917846910632 2249673402146120431
441924769822142247 343599627362371464
1878036582317733604 2069678755422583469
217766652098785388 1885193905215422254
1780383140320994852 379974037338067934
894458397479838960 1861340077366192400
2052523980480429805 310079981436529304
224962365160848945 2144397152497306092
1618802156034553242 197389026854464165
1214460804063257018 1439715464967033110
18337071226038818 636493303570103876
2087174242408101686 2163896279441044737
1890583353967438628 459501566331681855
1406237760635069816 343581515007298833
2241532817114536322 533487322755975137
1209629999345620814 1813369062489470594
507890122848459001 129340624977892442
852059683327892633 314866227820926477
509530369909238565 809003672205925786
2168970026717544887 768201656864252349
1895313064515960051 936395820925422099
1517202930372918303 2220329749728479608
184580421971896653 472844022871624230
1762516694210289364 1879419892680430908
2154866508060428492 942721305728628706
1604209038934022652 167503628024213132
1561181133863253909 1051881787368336505
1545200397071307581 1627302445184206748
816527380962897152 1988297084786191958
1183706058640459023 979279056810540017
2015402242452455803 1504850274832821114
1213961782708245762 1762123289922489350
1219213006197744806 1668494317507094619
1358032334408433256 1287145944085689724
515022430143068061 750153656798694318
302527402895004203 1514964188876701032
584862917029315803 870211428713904954
1094342484815808994 1507503962083261566
463075223171357200 1731870278820684173
1204587552703444752 1905216003736553031
1626252702906823494 727121527598292392
2278170953393574404 725274001690333974
642929184581283222 212913135280027604
2171210999939480413 1071646467753967782
1391134997050246307 1359256380459981882
854597775190368704 2028715995489549952
2040946119746615783 1154775710519567030
