846930886 1681692777 1957747793 424238335 1649760492 596516649 1025202362 1350490027 1102520059 2044897763 1365180540 1540383426 1303455736 35005211 294702567 1726956429 861021530 278722862 2145174067 468703135 
1801979802 1315634022 1369133069 1125898167 2089018456 628175011 1131176229 1653377373 1914544919 608413784 1734575198 1973594324 2038664370 1129566413 412776091 1424268980 749241873 137806862 982906996 135497281 
2084420925 1937477084 572660336 1159126505 1632621729 1100661313 1141616124 84353895 2001100545 1998898814 610515434 1585990364 760313750 1477171087 945117276 1889947178 709393584 491705403 752392754 1474612399 
1264095060 1411549676 943947739 1984210012 1749698586 1469348094 1036140795 463480570 1975960378 317097467 1376710097 927612902 603570492 1687926652 959997301 485560280 593209441 1194953865 364228444 1947346619 
270744729 1063958031 2114738097 2007905771 822890675 1610120709 631704567 498777856 524872353 327254586 269455306 1703964683 1600028624 160051528 112805732 1120048829 515530019 1713258270 1409959708 2077486715 
1631518149 200747796 1117142618 168002245 439493451 990892921 1231192379 1622597488 338888228 2147469841 1911165193 269441500 116087764 1869470124 8936987 1982275856 387346491 350322227 1960709859 1760281936 
1186452551 1244316437 1476153275 213975407 1626276121 653468858 1239036029 1884661237 1350573793 76065818 1789366143 1987231011 1784639529 2103318776 1939964443 2112255763 1067854538 352118606 1909002904 165344818 
532670688 1351797369 1504569917 680466996 496987743 159259470 480298490 1398295499 2086206725 601385644 1544617505 243268139 1272469786 2027907669 722308542 1820388464 6939507 740759355 1789376348 502278611 
1037127828 1034949299 1529195746 392035568 87755422 889023311 1447267605 1369321801 396473730 1308044878 1569229320 705178736 434248626 1977648522 1402586708 552473416 188213258 559412924 1473442062 201305624 
776532036 1238433452 1431419379 620145550 619290071 707900973 2113903881 7684930 711845894 404158660 2058657199 1973387981 1501252996 260152959 824272813 1662739668 1967681095 1850952926 1704365084 1176911340 
1943327684 1953443376 1069755936 1237379107 588219756 1856669179 995706887 1823089412 625032172 387451659 1562402336 298625210 1057467587 1799878206 382697713 476667372 260401255 296864819 697517721 2001229904 
1335939811 1797073940 1065311705 719346228 1414829150 1307565984 324763920 155789224 1389867269 780821396 711645630 195740084 2006811972 1253207672 1414647625 1635905385 337739299 1896306640 1111783898 446340713 
915256190 1782280524 524688209 700108581 1371499336 2114937732 1927495994 292218004 11614769 1682085273 630668850 246247255 1548348142 105575579 2118421993 1520223205 1017679567 1857962504 213801961 822262754 
1411154259 1737518944 110613202 114723506 1676902021 1486222842 255789528 1266235189 1137949908 1277849958 653448036 1908518808 364686248 1309383303 1329132133 1280321648 1781999754 150517567 1983690368 364319529 
484238046 1775473788 767066249 1886086990 1750003033 1415505363 552910253 1671294892 1795519125 661761152 425245975 1315209188 1448703729 1679895436 430253414 861543921 932026304 496060028 1144278050 332266748 
31308902 816504794 655858699 1583571043 1395132002 1186090428 1473144500 1739000681 669908538 1387036159 1144522535 1812282134 1380171692 1113502215 777720504 1543755629 1455590964 328298285 136495343 1472576335 
1329202900 1503885238 2416949 12260289 561717988 1407392292 389040743 733053144 1887658390 1402961682 1900553541 400000569 1081174232 1780172261 1941690360 410409117 1516266761 1866000081 1586903190 2002495425 
1989806367 1184214677 1061730690 1186631626 1717226057 1748349614 1411328205 2137390358 696947386 1877565100 1369602726 1630634994 1707056552 564325578 1010528946 358532290 1857756970 1874799051 885799631 1314218593 
1386418627 1156541312 1243439214 70788355 1112720090 1788014412 241909610 1051858969 104152274 1748806355 1369356620 970925433 887077888 530498338 37487770 1541027284 1745790417 1251300606 1025125849 2137100237 
159473059 1376035217 478034945 471990783 1983228458 1584710873 941804289 1826620483 2037770478 1930772757 716334471 1152645729 1025533459 2039723618 1899058025 2077211388 983631233 1675518157 1943003493 553160358 
2069110699 712633417 1204275569 1190668363 410228794 1026413173 1404196431 1968217462 1302539390 1858504292 802205057 427355115 1272796157 1452888574 126401947 1204462951 521035021 40610537 19485054 1983614030 
1655035325 1905241081 371653516 962033002 1707746139 1372261796 333582338 628974580 786039021 1931513970 1021784812 586235379 262692685 1859031536 1543324176 1985433483 606199759 358984857 1344593499 378469911 
488663950 2033505236 345367818 257675105 1392740049 1965421244 1319041805 151519934 1066077375 937558955 524133589 1959343768 409544918 74552805 1747844822 1617876982 2143124030 76593093 431530126 1421186593 
703550253 1909850543 733327814 107734713 1725138377 1500474762 1941727088 672032919 639806732 1738110294 1269400346 114760235 337745691 524305153 1265122573 124666328 2030449291 120306710 1007277217 551836836 
362575055 1255387090 1751378130 1988714904 1250372661 1566369633 567304789 1360613073 35756851 2000419805 441767868 1122336503 659639006 1460082195 952062949 577721120 714880226 460686763 554290596 1467963981 
1814887560 1830539036 690367770 1434433518 1821066342 537322532 157272379 1104627321 1312994984 1140384172 2059344234 1582152040 772970072 94307398 10901063 1046370347 1520982030 1761250573 1003886059 168057522 
1038626924 1982945082 181271232 525829204 1312630443 199411898 1862875640 356684278 1626250262 1669679262 1242561041 1581539848 1981208324 207026272 2032454154 217927335 513937457 1738909365 1603591171 595311776 
2013725218 1633938701 2106914653 1815209933 1487053959 980356728 1404515797 695748720 279121308 174515334 294110991 1417076376 1891252715 1250801052 1435218189 1135771559 2025554010 1649709016 82173109 1105816539 
454333378 972058109 661955081 931489114 1395405989 271059426 180785147 1675575223 1470332231 1954696532 134591281 101323875 380390179 1992576590 833215350 1280311131 1503967857 1158381494 1766146081 1240554603 
476152433 1694887982 820097487 209359415 831768825 1604765404 1823796892 1785550551 1364090032 1108399134 1078898506 1242990415 63299708 1623380595 298501962 309112297 1669475776 1813080154 395191309 1431742587 
226723382 1907895021 1030313563 580508860 617909211 1412277685 476564285 1088590930 2010794583 305197314 1204754116 1384095820 500037525 1447395528 1787897525 1745897490 61101360 1267889618 1640170337 1663080928 
164826621 1889804310 384370888 772634225 813274570 1390543437 699460008 1867107722 223712350 1730418657 856363827 787689126 584522071 1287726651 1936060910 928140528 1449228398 989241888 627992393 481928577 
1238498976 646755199 1609416931 1031126087 413360099 1844400657 629580952 396377017 1934392735 620089368 1396918184 1476453195 96055805 2060975266 242588954 1849552528 2135019593 1151297278 1000372555 1779289672 
1528806445 870305000 1799560997 332238283 695466127 745598382 981914693 1375179334 987987334 1162088421 576994985 411522957 953691761 507578762 470631541 750167716 915711850 737703662 202550399 1738076217 
2118801173 1119399015 386839851 771476364 1833488263 1466942491 829570037 301373537 222028828 1289360871 234576987 1866355856 1723578341 672563970 978587665 1143195511 2083149517 2058907361 44041351 113974112 
1931706506 85291638 394709364 472131489 1337434154 158136104 878273679 987706141 1794292538 1209734969 1724916170 1444311956 2067062760 1020406649 769304465 1998994314 221713886 1934660183 411826969 1978701535 
192532621 1762924393 1092637289 10150109 616734673 1347584264 1607774548 78374295 752704313 1872666833 1186994949 1450099355 1340157793 1369678468 18400960 2138982933 1987323286 213213171 1720185677 625040140 
1567022181 817572761 1499150323 1910210050 1903409954 379461075 318322042 1987235624 1868423919 592456289 333293469 1779451238 242474976 972125383 1172063133 990526343 1953161956 830365981 373953666 403068011 
773446912 1970090192 788380902 1321756868 813465002 1077683174 38649718 1396005216 1489692377 1116945487 518434573 1450238957 997276125 1692713933 698312496 717293418 390848153 522971726 296596980 896925393 
827385948 1670372305 28264029 311269559 1139352160 1124734562 482417719 1163384280 1812718902 505593010 1587992726 1024027583 995234140 2021303708 1374600938 572132557 597010431 962980710 649785905 1259577690 
1105629391 2086963638 1384079421 2115227667 836802671 1107096180 1367209095 1589513899 1146137088 1254749154 2042010569 695258232 93155710 1690492373 1984498433 917609663 298167279 1514620094 1282291499 16922351 
1015857464 1122551742 272312086 359147515 1987519915 1195950186 532495011 415675634 240854387 1561812722 454806773 1456339643 1692786742 1549495354 657103124 1386510139 193552063 1684677418 692981712 819485269 
304505404 1835342733 2002992734 2107654819 1521740435 1947691087 100669 332702450 67974802 573556837 1390598089 1028363610 1260995960 573666704 674402557 1230769829 1005418816 1424321892 703571522 2117303605 
418646579 274325361 1256273378 129834447 305564045 1651574882 550804899 1651675551 1211721386 1719650353 1286966948 962764794 671068506 76277107 1604665417 750679664 1777288820 1756098480 1487105994 312186354 
2016408437 730832933 86086317 1987106312 263419017 145186709 240959156 695991608 551201745 1907712995 1435001171 1047196295 1199680559 1718264801 1538026652 1175446571 959658925 805251743 1805613091 144874089 
473903566 13798878 1564003050 99885196 636453333 363304213 1360478499 604263370 1588695568 1155465115 1389079342 442982639 4744263 1642663198 844169939 1033206202 286791631 1992865128 1485511804 1650994571 
848934683 2124898138 943190495 1541417540 877068972 30387226 956134158 1390865725 1731190952 832077645 118993446 73673339 1701475883 78417603 707255825 922587542 888482339 1209379174 1874960596 547407330 
858829294 1396342013 2003980519 192048860 1101533292 1069117832 562390279 2025251990 627510635 1608959295 1848096107 1727952741 1364180570 1281944976 375444584 1989200801 419914800 730199492 309766496 457676440 
1850612763 1316505735 1221389873 1173002606 2133584523 127052251 928682751 689442530 1114646704 1316953165 2132688302 1017565625 1076919591 234262547 99568484 609707131 44804919 1029621931 1199420528 1339388427 
753959819 1042517543 1704841123 116423768 700287639 102524643 764851988 1031207394 707184680 2145854098 110993018 2131058752 1242754098 1060494695 1508976505 1160063179 1616916066 1204868098 307571472 256804978 
1603386966 1010764797 2068224547 568122272 1558581086 1268409912 1175989877 2033261900 1482841197 592962932 959162035 703955951 1453048498 1946710049 33713861 1308202906 1371570003 777635325 1591564428 1085206797 
1003463633 541110115 1457880381 461851014 2028720897 2020432100 554602408 1048938329 111691313 384295879 1814634316 1343457914 1353668775 649022765 1953197930 682736626 1565306616 2054306629 234799752 1498387409 
1308581515 354367395 1245644428 1812247776 1750829613 1693485026 1376941062 100603786 888830763 212295100 993683397 2026929416 1802491982 1233114544 263043320 1038828826 31797565 456651794 578187134 691451546 
62299853 2000033062 87522686 1098193842 574596534 701539807 934618834 2078480869 196095815 819827984 1989352324 1813511382 831099451 1468519716 321869343 1731563037 495375861 1763360602 575705360 194064088 
6938620 256363941 1940022924 343886628 1390387708 918483162 386753870 1853101996 1631207466 2049197811 940472515 1891066487 129183332 574682290 551008693 896551633 2011662880 1391927494 1781485213 1967632854 
95275444 1974571475 409098738 1767110751 1821115873 1010014811 1787189168 1396768681 1684259683 880492499 253674535 1820965014 636600769 1950148346 340563072 353673391 1776088411 217852623 680007057 1999337836 
1925473439 2094613281 1279820114 356228371 978053418 29860596 1594769883 1817049764 1917104697 1353825800 2141153674 1607500335 2108785490 96617457 503615949 437180529 1942481690 65785292 478307629 745792349 
981766422 523782140 1312313043 1803602255 1262486766 634172025 75191653 81458260 284665220 1998562957 1374631287 1992232983 2138078721 1953534826 556707205 309667127 1476492728 104665169 466647227 582972798 
1456139563 1564739221 245277883 729568616 1538128223 1992055382 713355511 2067247035 1705632563 204428608 1904251768 1579059895 1562887660 1569654968 1318141009 2126362173 1510574887 1455371254 1768794057 1922018481 
625321929 1230674396 5631942 1475952280 1189544209 866596855 860144854 1579952366 612203759 1138101281 215341973 894869401 1810713171 310273413 1064651899 1628414422 628257755 991505661 296528780 612816071 
547772603 1238138000 216272000 1243769942 614340012 285830504 856979759 1145975358 1019382894 1758179117 1386214636 1973521090 1184622626 1636750614 405201937 553918865 1752143421 1182176620 259488863 1478705400 
688852786 2026478004 201407458 95266356 1189914410 709606368 897534569 1566586128 37623446 438485374 315813605 1824700010 1488873165 861838989 824722490 1267040926 1788986238 871700699 1597272000 1131189562 
2018373832 1820042348 1530130017 2021449807 138172497 1063880569 1179529128 1961415139 1219377470 1999038585 869921280 167368542 346502533 1656241707 1459834400 333480550 979601485 2122466788 1681545190 1572255140 
1714710647 1443145325 1626870461 825791694 1634296630 963964191 203845520 2143493320 339980538 1215387142 914600930 2085308422 1166437685 284327308 132629780 1744161708 365862802 576279545 1470796522 110341087 
1559436157 1825051735 1320634492 1304438548 955798986 791251530 1654844049 995097051 20336956 1335077589 384868448 102194872 916768482 1268632557 957426576 1401262337 1331565220 1767125139 1680687005 1090438014 
1454580282 502390523 524135236 1823025015 419481884 631340353 1278792724 138700754 2134113236 159037710 2057337242 543906158 1918386023 1460674641 2063762111 270617569 1805816260 1602182790 2124149955 1135386147 
405341089 442482781 511583958 966618017 1922265375 1386099901 1976714674 517408978 878777377 504038566 1115917669 413892161 1455252833 184794536 915736906 101072999 1777483316 1906889260 111387570 1883555567 
1683213486 141413008 1609946277 652996966 1212220435 427778693 1445834946 257009719 1818150212 1135787096 202019540 104221117 1277278674 1559473950 1665728802 327727208 177312851 2105210525 291079690 69114447 
1540232676 1752327934 1084384795 1214790563 1595154931 279527351 1344541320 1725362297 1611336688 1396028861 234686974 1598048401 1419413069 727843428 641450052 246088582 2112043682 423401433 1194559277 714481123 
13146790 107230151 1120630960 1191614946 733628447 639286229 774404628 1983827549 1072190528 1447680589 358279876 1682367563 1896073990 954296984 698374759 1595747036 1975886384 1560307071 1063641238 607382700 
220510539 620529490 1129707775 1741160450 1106211926 327305250 1362243428 1101709878 1196153579 26416758 278608944 384696634 959112711 133286977 219976257 831661736 1874412034 660064472 1804765595 1723705710 
302116632 1944216249 1054181467 926440376 850377601 2032652302 1285859963 1247412082 1557686227 296082014 1129709433 574690958 236616554 1533803669 297820659 1753779927 1954771801 1480708313 877062718 1137990260 
406736335 1440106892 556939443 346804712 300819353 1197182313 372004513 335558628 1544899551 1893244856 596727699 875470641 33252481 1112087195 1750547889 1409907854 4537736 1217196008 1066075704 2094258726 
1703835733 353511414 2138328364 910450857 1351777724 1211270210 450395738 1583274723 796425834 980690626 1438537945 1577418325 507857366 1610670806 1110980456 1213735047 1320399826 1218272784 863043860 136864840 
1543678155 1840700573 1516935695 1831545290 1836997946 1035839366 1206758863 1486235104 912078408 135177290 363159161 1573715235 689710555 2081572601 2128349144 1045069410 681928291 217985588 452703447 1081029448 
170253681 477223956 241315329 1994159651 1222827834 1683673949 1268126901 742949164 749217043 1655027572 1210997811 2018186733 1102713256 560413640 457615859 541279136 1026253510 1223207428 665680297 1675910875 
441971924 1846164556 2058964125 2087479885 1212534319 1162824071 1401943880 283467324 930104896 1032684367 593443203 96198530 1830496746 1198911786 854155594 1656527645 922883852 535297508 1209597698 1200977805 
429857344 1642949730 127340947 1554430207 1818984200 619480878 899334107 2021424758 722633179 804046007 53476175 1397489210 1402505904 1080502308 1164465626 1934657902 1467704485 710058106 846667123 1919655804 
1901540637 202029501 507611410 329370448 1201162069 871000 910053150 900205108 902411556 1622838287 1927454328 1676314462 901211983 931336718 1073881423 2095802345 755594861 1416023182 972605807 115206657 
243110911 2016747294 1156565744 376875057 1476967137 1578037126 269365760 340606628 1083189141 1243018184 553574882 1022988865 1421449833 1924200848 1222343444 850598623 810411310 1606193485 1108537283 431315644 
1178835412 674426555 1451163042 1830992300 2052861120 1160475789 507946550 1429841549 2010720737 365547042 841365914 919121924 1348325554 193088109 639138264 1415431554 2025753319 78359216 533424260 1186896499 
1303785506 218248263 1943410399 1669411305 812426701 1574788777 1259480129 2082735328 2047140186 1945972417 1930334779 639854683 689034589 1988180237 1371935247 479834853 757950880 358104524 1750159999 891528784 
1026201114 47830643 976668784 1991241042 610645107 656184096 1405097218 1915664225 1481907231 1815320763 1924264286 1598171894 1138259617 139722835 545343058 1511658082 1367858053 122125315 121248617 1872285314 
61535680 751002780 220071006 1727671564 2048017638 190833023 1155785752 1595930242 198805545 930353825 1187797756 707134463 669161002 1845394080 2138704485 243253491 1940599174 1611111544 2100598388 1732360161 
1004642738 1793895841 2104001379 2013966848 899633766 1914500838 351450250 922802942 1718930959 1121608488 606765135 161922596 1092771206 831083598 1718500113 822304435 1708403454 615419962 1820432110 568534702 
1657262432 1573177440 97611886 1529695171 265632904 281845289 624486946 633295539 431787582 204742850 1169442043 811507986 466747319 1904279192 1609446676 1475295657 847915875 1036215463 1697496619 709163925 
2131953877 218942709 65339680 316554595 12692331 582187500 1874545820 1206674446 364234956 1638462029 2123016228 660420424 1896236448 1127167744 353056618 589130772 1779664872 1437046647 1674209439 987059619 
2137288709 971529848 2026061770 1036869528 1297046355 1049561859 849876229 776624031 1036001642 1140858988 1426869906 1116391568 481762508 865144369 1440934303 1218200987 1727918107 850382211 903633726 377108003 
788513271 366913064 892335526 245491186 1312712376 1542537541 167793078 244930122 229548226 1280931765 1929765404 560318023 2142919358 1042080532 1335757408 335531187 1117726230 2063449294 189258051 819599372 
247849492 1608112644 1277970780 352964522 1197477949 1665676898 19063328 1833469976 1764756387 2063018202 356341138 1845299958 64317458 1840735668 637438146 1029009428 281276174 2146735658 775496414 188510062 
1646824656 436359554 737582315 1714330334 73831160 764324635 952617546 783387964 2076334055 400660703 186015033 757001842 1003497683 821319300 715577216 1458757446 763187937 1740033621 726764303 368046387 
1509940042 2014871043 1753744777 604969710 203030386 678800870 317992893 1631418417 118941728 1560268824 1982908766 1746283858 1397208466 602297893 504760186 1317875109 641321335 2081063046 777134495 660343702 
1101457716 22800096 1862140492 1776544874 42186306 1979575260 1134040403 150084506 861798817 269026234 990217934 104451352 1875638893 1501659818 1434895504 2006420005 305425913 500257692 915989944 1277392187 
1894600361 231366256 593114526 2093506748 2044082050 2135693054 2026366796 1122249809 1492586311 1984048626 371591002 826782912 996879552 554938157 76982346 1989833661 474960250 147775927 806517553 1063765871 
1798418557 810882584 665636010 1403997111 1309398337 1300595513 1785252277 1179478661 263707074 524581324 1158671754 896172326 10604139 1893051878 364196342 1970034225 576724902 297510827 1289511154 1104028380 
1132205946 754963290 1206266994 1420599300 1226351142 582513990 1234644696 220282619 217704412 483989693 1184812754 1642661448 831220360 1653265587 1032566124 2017461929 1076261902 446703183 1267733606 1736214337 
375487534 720936636 294124046 1927203630 1616757669 1006071125 2092503157 93232173 1600243658 310936585 1632565483 1495749339 413575986 179486052 1087638368 1212052176 1584251327 140830430 230891466 1408564037 
2129043633 1784051571 487191794 2078175617 265939255 1547449638 627200707 1492469147 1208744777 945229157 126794893 430310992 687506457 843886978 753999960 1931525347 690471744 1368293026 1073646711 1599184492 
1045552368 1580744477 1738394660 2067936271 63473287 186391879 1542106687 813592586 966488613 2022337363 701807124 1648609 1932874974 689155066 1195945229 1443155027 1671067660 2133626771 139536873 1059789835 
16570124 2105342203 1677654945 1696253215 1121948088 1759726503 2113690868 1154349542 302935500 2120838155 1584892936 675161631 1149677717 460552958 1558349476 1656498187 1751062934 1180082199 1164585770 1319619072 
29809451 1336189196 475777610 866360494 842198392 1988308582 1395011053 1954515802 613932652 109967654 1855191614 1694860591 950615538 697054660 735194528 107920488 1962928545 1858983422 1029322037 876085544 
1155505365 905894996 1239547247 1381672606 872358697 76387350 117413002 1471398403 516816850 2085331055 889575205 1793039021 1937495191 596170911 1298484488 1331365439 168488323 1146810336 218574358 28648726 
1588279465 1184154091 2146690120 276217690 1423977622 1148576388 542090057 1265989390 1614718295 1782806240 649830540 524897797 1379803375 314909341 659347223 1613393829 46811558 1781882152 1293259316 2000456510 
1268308970 1441252327 1769972 1440458800 116903580 716952774 308424538 1259042831 1971343899 726277479 1424627019 1376108019 523465512 608427746 218474917 1267774969 1244849762 1314586528 1270551295 460362196 
1324901554 1728671166 415922256 1730441138 1930644296 1847344718 298975429 8285608 2080779600 1979629507 1350422715 1256772878 1144963628 1780238390 1254413882 1998713308 829774317 1096079422 39533257 219147069 
1249748707 1544048623 1753732836 1959970879 1550692118 1743131527 2064604173 2042106956 1690075412 1975402908 2041824130 1178341976 1622197219 175821956 1810998055 1430235839 1120090212 112526508 1743768897 152059765 
680326130 1401808472 1345554529 1008057661 1593740418 411266131 1541787377 328386656 1498119944 2018462069 1286598370 1912802551 184366026 1387516123 862372072 1051030530 1391607779 23637094 869439259 1767405991 
566417809 300248473 1807444981 1645803002 713475737 1092059772 1362638020 486363501 1906423611 1984483445 130644815 1123598167 1680691643 1307964193 1259076780 22852617 120214107 1414460396 1241361591 136416008 
367085193 702833817 894617267 362795150 282723354 1076270887 82095572 291425259 209854446 50365223 208591742 181010038 2120131589 1861701682 1124220263 973294814 1179339467 1093508921 1258095765 187386865 
956774406 554472058 955701520 1449089325 452947988 1731812679 1042254228 1813908251 2117923969 2023762697 883109859 84870791 771893916 57518732 1968642166 1181738995 1040759385 213594814 1527337001 1471690579 
2846977 280981337 1328674418 1236682857 869813362 1689630845 1487223193 584401425 248574635 554841746 1207774949 1437951605 200501653 62361873 1054930039 2031004039 735169591 924279777 1508918064 304133130 
322569755 306980108 1838177151 1635654526 507906577 357984240 909448681 1845207433 977415389 2093782069 921661146 1154073370 950777694 1354575023 1037412975 262021414 158303604 997191005 1640272695 358625421 
298965069 681195176 1386122429 371888680 1562478999 879795257 1280982766 1789243938 1583887958 619175679 294151249 1540836825 442366146 344130872 652942916 1381543847 747040077 1539847451 1765417016 1032636498 
940443437 1331601568 422449966 570240349 1540111021 2132719348 868272669 1266218466 2041641751 702622777 1013825605 996774026 1140082830 1439140172 473431429 2092083088 68801443 691639518 661362461 309572886 
1612548901 1250016323 1097446870 1672466289 954233518 1065093662 1690815424 1933366332 2069157620 1827524435 919191847 693866392 1310062900 1833949222 2045064825 159897004 2014126950 228698447 1375552878 890060908 
1769615304 355126162 1347795651 1452573032 1496216347 259322902 1629872743 1950138326 882263958 1871812298 837277950 643520498 1789065969 1953583398 2032510512 1851164576 73070847 1717807878 952754349 945877108 
2142010736 568008764 286316151 1915804415 103087854 1264537114 984953220 746926210 1652701270 1629190168 2000490107 318984471 894661689 2108050440 1622782493 1993077304 363316653 2066148151 1480032908 871418852 
1339326423 865945941 1553746101 1152262092 1073255162 1255349946 852087126 92819519 433573769 1745520789 1886872710 1598527249 1836208501 345705290 1591644042 1968487783 1050760512 184320788 80201211 1664353696 
55519019 856196471 598845591 262458924 910492930 1335714087 339193736 40317565 514820752 473891334 172154289 213280396 148472296 2049488897 85357096 1493649292 2015319199 396926156 1716462158 477127367 
141540322 532646386 1580048074 1131491977 2023334271 2041984908 1574486766 233694996 1218458780 748515749 460467935 920670038 1301004340 1069142334 339762386 1154499430 1347008216 1022334982 391091185 591313492 
1099527851 732853814 516677340 165418241 196285753 41268864 1211608254 1615755630 119764672 686730762 1649296072 1147198697 1244624221 300719389 741957620 640481776 1732940310 1987489992 973365509 231097529 
690918075 1330625380 941117027 1847302720 175324309 2043588474 1451516499 1107713080 813920038 1227477752 924839325 729290176 1956428651 1973914398 1909676663 568388370 869940457 153845032 852539234 1127210541 
1426451503 1818128616 585733938 611761996 2057918263 787086305 1423887803 91119157 258129326 905039195 1926585258 1829878520 447272592 1638823523 1416162964 1401016538 878051463 123473348 179946307 976012582 
1860422328 254980437 576556433 840714375 1139993259 751148990 1599534911 27553146 1019305995 285682472 1666554831 64784082 895610196 512056675 2098579958 1928219639 1722454443 658787454 1500173960 838733761 
257620370 551672441 833195397 1128228875 2020532420 120738486 1847472101 1720273398 1765530938 592095745 441145323 111166929 946638228 1006777125 943471008 957873435 193836679 532844230 1715159346 2033018190 
2065010947 143154913 522359337 976350310 1967905751 849399083 2017117507 549387536 2093882409 167434826 308846135 608580149 736077591 1555218377 1675365723 351205738 247906197 545042417 1626717774 112718116 
1696779465 30245415 171029949 552604753 1920992956 373026856 1644210801 242660715 940218397 189059476 828321738 497905611 827592008 1233983202 1833639403 761865277 1650076585 1009771475 1999357998 489005601 
86690306 38301418 464661174 209331367 1818982353 2130324323 1875218967 1627051477 333359469 419786226 1106418446 1248107964 340573924 2075699972 1129947779 1761855727 123043725 1264448664 1808665736 1116323015 
