13 25 16 1 20 16 22 8 2 13 
29 18 13 22 21 7 5 16 26 20 
15 27 16 17 12 27 3 18 8 11 
12 18 16 29 14 21 27 26 26 29 
10 7 21 7 17 5 29 21 3 18 
10 23 26 5 14 20 14 4 3 25 
22 28 24 25 15 8 18 4 23 10 
18 27 14 23 22 0 14 2 7 4 
2 3 10 10 1 5 4 5 12 27 
0 29 8 11 13 3 29 3 20 26 
10 12 15 18 28 9 12 21 1 19 
19 17 17 28 22 1 22 20 2 2 
8 20 9 25 29 26 10 4 11 13 
6 22 14 18 22 18 13 13 0 6 
20 17 13 17 6 16 27 0 0 7 
16 27 29 3 17 11 19 27 19 19 
27 11 17 5 9 20 26 12 3 9 
26 24 4 8 2 6 16 19 17 0 
7 16 2 9 9 11 27 16 26 10 
15 18 13 17 7 4 0 28 24 1 
10 19 22 7 12 1 11 11 21 20 
8 16 21 4 18 12 27 24 17 4 
17 10 3 21 1 24 3 22 17 14 
6 24 29 5 20 17 7 23 15 18 
23 8 11 15 24 10 15 29 7 27 
25 5 21 16 20 17 3 10 0 14 
27 15 4 6 19 3 13 12 21 27 
9 13 17 26 24 28 18 11 26 4 
0 3 18 7 7 2 0 4 3 11 
20 11 16 22 27 21 7 19 3 17 
12 6 12 16 0 16 12 19 26 23 
12 25 5 23 3 27 29 9 9 10 
0 22 27 16 11 8 6 28 8 27 
24 5 22 11 19 29 14 22 12 2 
24 6 20 2 29 20 10 12 29 23 
20 27 22 15 2 16 4 4 6 9 
12 0 1 15 17 8 5 26 13 28 
15 20 20 4 19 4 1 29 24 15 
17 29 1 17 23 22 22 27 21 14 
25 20 28 4 11 10 19 13 23 20 
23 10 9 3 4 6 29 0 7 29 
29 10 29 21 3 27 9 24 9 23 
5 9 5 3 17 12 5 1 13 11 
23 18 0 7 19 26 26 2 1 6 
23 14 11 5 19 2 19 26 10 2 
27 12 14 6 14 11 17 20 23 17 
26 15 1 14 16 12 11 1 16 4 
7 27 10 26 13 28 27 0 3 29 
29 14 4 29 19 26 9 7 11 13 
24 1 27 28 10 6 3 20 22 15 
13 28 6 9 3 23 7 4 24 14 
13 10 5 17 29 24 5 26 12 19 
16 3 27 10 9 28 5 10 18 29 
28 13 12 0 16 26 15 11 27 11 
29 13 25 2 13 20 24 0 19 3 
2 23 11 15 23 7 24 27 10 7 
23 20 11 14 7 7 23 12 13 17 
25 8 9 16 22 4 20 17 18 20 
20 10 7 22 3 2 28 6 23 23 
3 4 22 17 24 22 18 18 14 10 
23 20 22 17 5 8 10 13 28 19 
22 13 7 21 1 18 21 7 12 15 
7 1 29 18 28 2 14 23 1 0 
14 23 22 3 14 22 4 24 4 24 
15 12 6 20 22 14 28 18 7 4 
12 29 27 19 10 12 4 1 10 12 
6 29 6 11 25 26 4 17 7 29 
26 27 6 7 27 14 25 21 20 22 
1 29 15 0 20 16 24 16 25 22 
19 15 9 12 29 3 26 14 6 9 
14 25 1 22 14 3 19 25 22 5 
5 7 28 20 8 26 0 7 25 27 
19 21 17 2 16 0 9 0 19 12 
25 27 21 24 13 1 14 19 25 3 
2 18 15 27 0 8 3 21 11 5 
15 0 12 0 4 25 2 6 28 6 
4 10 13 5 9 24 19 10 28 26 
13 21 8 19 13 12 2 0 6 6 
21 13 12 1 1 18 1 19 4 12 
29 20 18 28 26 5 19 28 25 9 
6 23 20 28 6 21 8 8 21 8 
13 18 0 1 22 5 19 29 15 11 
1 26 12 11 1 0 14 23 27 3 
8 1 5 11 9 4 11 6 29 16 
0 22 18 12 4 1 24 16 7 4 
17 11 19 29 24 12 8 18 13 5 
19 19 12 12 13 4 10 4 24 7 
23 24 20 20 28 27 24 28 10 29 
0 8 26 27 19 9 17 28 16 29 
22 6 23 16 29 6 19 11 0 4 
29 15 17 17 13 17 28 8 9 9 
1 15 22 17 21 7 29 29 27 10 
7 3 3 24 13 29 19 2 4 2 
24 1 7 29 25 0 22 23 10 22 
10 18 18 24 23 22 4 14 27 4 
15 0 13 28 9 5 1 2 9 26 
27 19 19 11 10 4 14 3 2 27 
4 2 25 0 3 29 0 12 11 1 
18 1 10 20 29 16 8 29 28 14 
29 8 2 21 17 22 11 28 7 10 
27 2 28 23 17 15 6 14 13 14 
27 15 19 3 18 2 25 5 23 17 
2 20 28 28 11 8 11 3 24 23 
9 10 20 0 11 23 1 24 3 17 
0 29 9 25 7 8 17 5 25 15 
1 29 29 7 5 4 4 16 6 28 
7 12 23 23 11 22 18 14 5 24 
19 14 15 16 4 3 27 2 24 28 
29 12 6 10 1 28 5 10 7 26 
4 1 21 21 0 23 22 6 20 23 
18 16 23 24 27 15 18 21 16 21 
2 20 9 15 22 19 16 20 1 28 
29 7 15 16 21 2 4 27 1 28 
20 16 26 5 16 25 3 5 22 26 
6 4 16 6 13 20 8 3 23 11 
17 2 11 6 10 7 29 14 18 5 
3 17 19 12 0 1 9 19 7 17 
15 22 19 24 26 24 15 7 3 27 
21 12 16 23 22 23 4 24 29 7 
15 27 21 10 6 0 17 26 10 6 
24 2 10 20 26 17 25 20 22 14 
29 13 24 18 10 22 2 21 7 11 
11 13 16 2 12 6 22 2 2 25 
8 7 23 28 5 2 15 8 9 17 
1 28 13 26 2 4 16 11 2 27 
20 2 7 13 23 19 28 5 20 23 
15 28 9 24 20 16 16 25 23 11 
27 12 17 3 18 4 25 0 7 4 
