7 9 13 14 14 17 19 25 28 28 30 32 36 40 43 47 53 54 62 68 71 72 72 74 75 75 77 81 82 84 88 89 93 95 97 97 103 104 109 116 119 127 
0 8 10 11 19 20 22 36 37 38 42 43 46 46 49 61 62 62 65 68 70 73 78 78 78 81 82 82 83 84 91 93 95 97 98 103 105 108 109 111 112 116 124 
0 7 8 11 11 17 18 28 33 34 35 43 44 44 54 55 58 62 72 74 75 77 92 92 95 96 97 99 100 101 102 107 111 112 115 120 121 122 122 122 123 124 124 125 
2 4 5 8 9 9 15 16 22 22 25 26 28 28 29 31 40 41 42 47 49 50 52 54 58 59 63 69 70 73 74 82 92 92 96 97 101 102 103 107 113 114 116 117 127 
5 6 7 8 12 17 19 21 21 26 27 28 35 35 37 37 39 40 46 48 50 57 59 63 63 64 65 66 75 76 78 83 84 84 86 86 89 92 94 94 96 97 105 105 107 109 112 114 118 124 127 127 
1 4 5 8 8 16 23 25 31 33 36 42 42 42 44 51 51 52 60 70 71 74 76 79 81 83 85 95 101 104 105 106 108 113 113 115 123 125 
13 13 14 17 23 26 30 32 34 35 40 43 45 49 50 58 64 66 66 67 69 75 75 77 77 80 80 83 89 89 100 105 108 109 114 114 115 119 119 122 
1 4 4 7 14 18 19 20 23 24 28 28 29 40 43 47 48 50 55 55 56 56 58 61 61 62 64 66 67 71 71 84 86 91 92 93 99 104 105 106 108 112 115 116 117 118 121 123 125 127 
0 2 6 9 12 17 21 24 32 32 36 57 60 71 74 77 80 80 80 83 85 88 90 98 99 102 104 114 123 123 
10 12 16 16 18 18 27 31 31 35 40 41 41 42 48 50 52 57 69 69 72 76 79 83 88 90 90 95 95 103 104 111 116 123 126 
4 5 6 8 8 10 12 18 20 22 24 25 31 34 39 40 41 44 47 49 51 52 52 55 58 59 60 65 65 76 76 86 87 91 93 94 96 98 99 103 108 108 115 119 119 120 121 
2 9 12 15 16 18 20 20 24 27 28 29 32 33 39 42 44 45 46 48 53 53 55 56 66 74 81 82 83 83 85 89 96 97 99 102 102 103 106 114 115 121 122 124 126 
2 3 8 10 10 16 20 21 26 30 30 30 31 33 34 36 42 45 46 51 53 56 61 64 65 65 65 69 72 75 77 78 78 82 84 85 86 86 97 106 108 116 118 122 127 
0 0 1 9 12 13 13 14 19 26 27 36 39 42 47 48 50 51 53 54 54 56 60 61 73 76 77 77 78 81 85 86 90 92 95 100 114 121 122 124 125 
3 5 5 7 7 13 22 25 33 38 44 45 45 46 48 50 56 59 62 63 63 64 67 69 70 70 73 82 94 96 98 100 100 106 107 115 120 
2 6 10 19 23 24 24 26 35 36 37 37 46 49 53 55 61 64 68 69 74 75 81 90 91 95 100 101 104 107 110 111 112 117 117 119 123 126 
0 0 1 2 3 14 15 17 18 18 21 25 29 30 30 32 35 46 46 52 53 57 68 68 72 83 84 88 89 98 105 107 110 110 111 112 113 113 114 118 122 124 126 126 
2 4 11 11 14 14 15 16 17 19 21 22 22 23 25 27 29 36 38 38 42 45 45 51 56 57 59 60 66 72 85 88 90 90 90 91 99 100 101 103 104 115 116 116 119 120 123 127 
1 2 3 4 6 7 10 13 13 19 21 23 27 28 43 52 57 59 59 61 62 64 74 78 79 81 84 85 94 94 98 101 106 110 110 115 121 127 
10 11 15 15 15 17 20 26 29 30 33 37 39 43 44 44 48 51 54 60 65 69 70 72 72 73 76 77 78 79 81 85 86 86 88 89 92 96 96 101 107 111 116 116 117 125 
0 1 5 9 11 12 14 16 20 23 25 29 34 34 35 37 37 39 39 45 49 54 56 57 57 58 60 64 67 68 71 79 80 87 87 98 102 103 109 111 111 113 114 120 120 125 125 126 
1 3 4 4 10 20 21 22 25 26 29 38 41 61 61 67 72 73 74 77 78 80 80 91 99 109 109 110 110 112 118 119 121 
0 1 6 7 11 11 13 13 20 22 29 32 33 33 35 38 38 49 57 58 59 59 60 61 63 63 64 67 68 70 70 81 84 89 91 93 93 94 99 106 109 111 113 117 118 120 121 122 
5 6 7 23 24 30 31 34 38 39 40 41 43 44 45 50 55 55 56 56 58 58 60 62 63 80 82 87 89 93 94 100 101 102 103 106 106 109 109 110 114 118 118 123 125 125 126 
6 17 19 21 22 23 24 27 33 34 37 41 49 50 51 54 55 59 63 63 68 73 76 84 85 86 87 87 92 93 94 102 103 106 107 110 117 117 118 120 121 126 
0 5 6 12 25 31 39 54 57 66 67 68 70 70 71 73 73 75 79 93 97 101 104 104 113 120 122 126 127 
1 3 3 5 9 12 16 17 18 27 27 30 36 43 43 44 46 47 48 51 53 66 67 69 71 76 79 82 88 95 108 113 113 117 119 120 124 
2 2 3 7 8 14 15 15 16 18 21 24 26 26 29 31 32 32 35 38 41 45 47 47 49 52 53 55 65 67 67 71 73 74 82 87 88 91 94 96 96 100 101 107 110 112 117 119 124 127 
6 10 11 19 27 32 36 39 47 49 50 52 53 58 60 62 64 71 75 76 79 79 80 87 87 88 90 95 98 99 100 102 102 105 107 108 111 112 123 124 125 126 
1 3 3 4 9 9 12 15 23 24 31 33 34 34 37 38 40 40 41 41 47 48 48 51 52 54 62 65 66 66 68 69 79 81 83 85 87 88 89 90 91 91 92 93 97 98 98 99 104 105 105 108 112 115 118 121 
