2 5 8 14 16 22 24 26 26 26 26 30 34 35 39 40 42 44 45 48 49 
1 2 2 3 8 8 9 15 16 21 23 23 28 28 29 29 30 37 38 39 42 42 45 45 46 46 48 48 49 
0 1 5 5 7 7 7 8 9 10 11 12 18 21 22 23 25 26 26 29 30 30 32 32 37 39 39 41 43 43 44 45 
0 1 2 3 4 7 13 17 18 18 23 23 24 25 28 28 31 32 35 35 38 39 40 41 44 45 47 48 50 
1 12 14 17 19 19 24 29 29 31 32 32 33 34 34 35 43 47 49 50 50 
1 3 3 5 6 8 10 10 13 14 16 16 17 18 21 23 25 28 29 31 31 33 33 36 44 49 49 
0 2 8 13 13 15 17 20 20 22 22 24 26 29 30 34 35 36 37 38 41 45 49 50 
3 4 5 6 6 6 10 11 12 12 14 15 17 20 25 29 29 30 31 31 35 35 36 37 38 39 40 41 41 42 44 49 
0 1 1 9 9 10 11 12 13 15 17 20 23 24 29 33 35 35 36 39 41 43 45 46 
2 4 4 7 9 10 17 17 18 19 19 19 21 22 22 27 31 32 33 33 33 34 37 38 38 42 45 47 47 48 49 
3 7 8 11 14 21 22 27 27 28 29 33 33 37 37 38 39 40 43 47 49 49 50 
0 3 4 10 12 14 15 15 17 24 25 26 27 27 29 30 30 31 32 34 36 40 41 41 43 44 45 46 46 48 49 50 
0 0 2 4 6 6 7 7 12 12 13 14 15 16 17 19 28 32 34 34 40 41 41 43 44 46 48 48 
1 2 3 3 3 4 4 10 12 15 17 20 24 24 25 30 30 31 32 35 35 36 38 40 40 42 42 43 43 
1 4 5 6 11 12 14 15 15 19 21 24 25 28 30 31 31 32 33 35 40 42 42 45 45 46 47 
2 3 5 5 6 8 11 11 13 14 17 18 20 21 21 22 24 27 29 32 35 36 38 44 44 50 
1 3 4 11 13 16 17 17 18 19 19 19 20 24 26 29 33 34 36 36 37 40 43 43 46 
5 5 6 7 7 8 9 9 18 23 24 27 30 33 33 37 40 40 40 44 45 45 50 
1 2 9 10 10 12 14 16 23 24 26 27 28 31 39 40 41 42 42 44 44 44 44 45 
1 2 3 4 5 8 14 14 15 17 20 23 23 30 34 34 35 35 36 36 36 37 38 41 42 46 46 47 48 49 
0 9 10 14 15 19 20 21 23 24 25 27 27 32 36 38 43 47 
0 2 5 6 9 15 16 20 21 25 26 31 31 32 43 44 46 47 47 47 50 
0 0 3 6 9 10 11 15 16 16 18 24 26 27 34 36 37 38 38 41 49 50 
6 6 7 8 10 10 11 11 13 14 16 17 19 19 20 21 21 25 29 30 34 37 41 44 50 
0 2 4 5 6 7 13 14 18 19 22 29 31 32 33 34 35 35 38 39 42 43 47 48 48 
3 7 8 10 11 13 18 18 19 19 20 20 22 23 24 26 26 27 30 37 37 39 41 44 47 
2 14 16 16 23 27 28 31 32 36 39 39 42 44 46 46 47 48 48 48 50 
0 0 1 4 9 12 12 17 18 22 22 25 27 33 37 37 39 40 40 42 43 44 45 45 46 47 50 
0 4 4 5 8 10 13 13 14 15 18 18 18 19 19 20 22 23 24 25 32 34 35 37 
11 11 12 12 17 18 20 22 24 25 26 26 31 32 33 34 35 36 37 38 39 40 41 42 48 49 49 
0 2 7 8 10 11 12 15 16 20 21 23 23 25 25 25 28 28 28 30 31 32 47 47 48 48 49 
1 5 6 6 6 8 10 10 11 12 13 15 17 22 25 29 34 34 39 43 43 45 
0 5 5 7 13 16 19 25 25 33 38 39 43 44 46 48 48 49 50 
0 1 3 6 7 7 9 9 11 13 14 16 21 21 26 28 28 36 46 46 50 50 50 
0 2 6 7 9 11 12 12 13 13 15 15 20 21 21 23 24 27 27 27 27 30 31 36 36 41 42 43 45 46 50 
3 7 11 11 15 18 18 20 22 25 27 30 37 39 39 41 41 47 
1 1 4 4 5 5 8 9 9 10 18 21 23 26 28 29 42 42 43 47 49 
3 4 4 6 8 9 13 13 16 20 20 21 21 24 26 26 28 28 29 29 34 37 38 39 41 49 50 50 
1 2 2 8 14 17 22 23 30 31 32 32 33 33 38 38 48 
0 1 2 2 3 4 5 7 8 8 9 9 12 14 19 22 27 28 30 35 40 40 45 46 
1 3 16 16 16 22 22 28 33 34 36 38 40 42 45 46 47 49 
