1459522215 1203013321 1140624109 1667674495 1374330757 1339173201 1981064260 1066908520 682974831 1400267990 1721428525 359202788 1110304183 699776712 1733163043 1829724491 970403532 1952768216 1217415497 1613950304 
1953433063 925988871 580268399 2066612981 1563918751 1293460090 382926131 1127040702 828984987 1810015533 1694830070 1383960411 1661299468 346780946 1555985191 2079943989 1065042992 902863873 1838549458 2120279370 
1580895291 1926228785 378770797 359013537 844320799 1922932288 501560353 158374771 1225708428 987359759 1202640845 534706181 1538776050 48522001 427204319 1604507192 1145357080 522066537 1668794409 213132347 
1658698394 1794027639 427107603 25314788 1262129793 869635587 1243128425 1371195941 203684112 449420721 974255332 1652061567 981303315 1043353969 1335132244 1470558289 1621421514 468431721 663091009 2137226130 
1825039875 1648440876 618250231 2075548480 1917957771 1190194625 845630304 285839403 2079161257 489523515 5084672 1463778847 613197917 297598514 1269833163 1632730758 1383491953 1106668624 2019217281 1769759633 
720591308 1447315861 1215992974 2065566092 1736709428 1836040215 979577822 534186872 1593642157 465864481 509643566 470949153 1077706541 1084147070 541639838 206496585 1476131424 1589988539 731571083 1461722172 
2124236872 34829832 870376242 1250822806 1692064091 840048586 1556462918 1819626409 1706701148 1265784918 198979245 1775428484 155036189 705651378 408691647 1247291216 147594215 575938993 993165407 1307510076 
1461012585 1284263301 1228691975 7155895 914453810 1699219986 288772212 1108199257 197277486 667416757 571647241 866396003 1416966149 1021432192 1198948480 1430123840 1187427397 1577718055 618411204 423399815 
1511117184 1884412400 291169347 965620727 322044317 1880074537 1192967873 21363101 1736034190 218640587 1397401777 790287828 686714201 59770330 681678003 1258718810 1923933022 298662559 1594643385 917073764 
425380177 280707300 540380270 571876647 662536258 893920964 336428585 2086888837 1118520168 1675439379 420544861 925357509 588965557 1612071710 1778818446 146266066 103827878 2070199088 6555366 1517358825 
332682669 1942739003 395738724 335635625 1424415507 998171884 38199531 1334600469 820830304 305636989 1822101665 726181851 1466177207 1315147408 1170023078 946482206 2132587760 1050310085 1246331354 1056865451 
1277148711 1389548121 1588673369 1785286845 324591026 1062218704 2101913295 1100418235 1671157106 1921248540 768356649 1595866557 790913700 914560116 278058814 2084583195 2058953642 2069687307 1615080262 1168535013 
541082060 298200077 1409822860 1886873446 466715638 63980824 521780300 18410471 1911445431 1689567578 1459263904 310440579 1733264227 1101354279 1174928311 1379413094 1563074602 1290883088 854047329 758479703 
1201885508 1299561763 791788160 561900975 19494010 1028616614 309418564 1550396914 1699761353 1314358698 716385387 626138954 1328875978 211919533 708443037 1386847845 25109644 802438799 1411463558 1656486128 
1818868837 710887989 376990546 1502676149 821985700 1522170159 1330961679 1831588723 1858348129 1383866429 1927818509 2100251816 160245820 1281644146 1641511058 1990087183 207222095 2015196827 63816220 1279176737 
678890048 950561927 446041991 1327552473 775094909 2054525 2132764442 1333016204 745863593 1043880685 673321442 824215546 1226918245 984461366 1992434581 478488777 1997315115 685710872 657150799 749527092 
973472612 1428417140 2000682414 1874459131 235601070 502070392 2140173533 487351186 1581367423 1233214779 258944095 1906536221 1036772582 985970818 948761568 830921752 703354089 680753219 325659789 1337904018 
1227142227 163892983 931702944 17091749 1963816134 252692819 850500202 245382704 1070200474 1826750128 186297783 2085694223 126610639 974983157 1051384862 1923744725 307164213 479615166 248654437 805274956 
939671752 2032417183 911622560 816636480 610548850 632968966 811545533 1483469168 1499893403 406185994 1273972404 592483778 807103978 719094417 1326206371 1770479279 528746868 2077643493 412040584 178814282 
1633238319 1118486034 870845388 2030108594 125544207 493173797 1780419494 1304719330 1533193837 657129085 965234660 1931101489 335486058 590721820 680720613 1916928191 802216246 298191412 1403327046 710231996 
662229153 195986667 1953548444 1066832056 1914020567 1192376263 359978009 825312109 289404619 211022298 625017223 1176256958 1553113606 1511743016 1052820758 44979982 175523541 847196228 1375869818 103039626 
607546728 765268780 957709673 571333576 1190497565 337870496 1916459253 697848505 1799656624 987253124 192499433 1612270347 516443731 1017900305 1431109849 2070721063 2115220510 98760957 950038936 1474630775 
495089358 2082177503 236126447 892403529 1043995593 2082901094 896757354 1851876699 1574831224 1504049676 316443745 1696549109 234313225 65509192 1663925721 1496619041 991034551 1464355903 1165339609 266911191 
1442684294 762000549 337814111 998126997 1951761153 2042122590 1756095042 791396296 110793789 218743872 1600229307 535187618 406967877 769500843 231606753 285942916 2126966692 1276977467 1973603940 294833428 
1147388315 1737517723 255866545 2075331834 256748305 1879609339 193047510 1488220734 1981223415 1599014523 978481700 1051760182 1672289094 1458728060 284122032 1690334813 392574011 1669817857 1965381894 1495938149 
1657617320 495842816 2111853295 751709361 1416732620 1008457666 616250886 1201505177 607165449 1035244944 816823884 2013726645 1561669937 1538532091 928533185 1822654124 581339349 67744487 1511122980 2033126381 
588256391 1543260053 1402907526 1507629701 2145406847 776878673 472548211 1393129559 287910310 2000295008 1702286931 669635244 2020940087 83821533 1650837655 1012354718 823586388 1593694067 1666152978 957333399 
1857174069 1545589791 396554328 801013669 1835127597 798936868 2134674884 1271485079 1488243700 1559395389 1877057460 1114198673 2132114218 987655112 1778219419 491009120 1099495096 1314595508 488515260 833264839 
1910661806 542955260 581101110 939509589 759170114 627153538 1714117792 614344774 1914711381 2102588474 1968116330 1832162286 543672876 1816792856 1350534604 1447528627 1022267402 399540075 140210619 888055336 
215487236 651233494 1836353644 1232334604 2110750073 1991504719 1036599722 1558138863 1233934451 1325366596 843180921 1145999278 1566626064 1689672155 1130242671 892723111 1184868399 1914990513 406605987 2055201132 
