2 24 20 30 27 32 8 11 12 39 12 34 27 22 33 3 28 21 6 22 
3 33 38 13 36 4 8 8 39 5 16 27 31 1 14 18 2 19 40 36 
9 12 38 34 26 3 15 6 39 1 38 30 13 24 0 18 1 39 19 21 
13 7 35 5 1 39 15 13 13 16 22 37 33 11 5 3 10 40 19 25 
24 9 13 7 16 3 28 12 36 37 39 13 11 27 28 19 36 14 9 37 
31 15 24 15 36 14 36 32 2 7 32 21 28 19 5 2 17 39 0 17 
7 5 31 12 17 37 7 7 12 31 21 14 22 33 23 24 15 31 23 34 
32 10 30 39 17 12 25 35 3 9 33 2 2 24 2 34 33 12 17 23 
23 39 1 17 38 5 28 39 30 25 15 37 19 31 36 6 1 0 2 10 
33 27 34 17 39 21 1 9 20 8 39 17 18 8 2 36 37 33 22 36 
18 25 13 5 31 7 23 36 11 31 23 22 20 8 5 9 2 28 18 30 
31 23 23 10 33 15 35 8 7 15 29 25 30 16 29 22 2 35 34 14 
4 29 31 30 34 7 2 18 8 27 27 39 7 34 12 12 13 11 14 29 
32 12 37 15 3 33 6 8 34 37 31 24 5 6 16 34 23 28 25 28 
18 26 15 28 20 5 38 7 11 19 23 10 0 24 19 33 14 12 39 4 
28 19 6 31 21 34 20 8 22 11 1 14 34 35 7 13 14 11 12 30 
1 32 12 21 5 26 33 40 22 16 26 0 40 30 5 23 40 37 22 18 
38 5 13 16 9 4 12 8 3 15 27 7 23 9 31 11 19 6 16 29 
25 28 3 29 17 15 2 24 35 16 27 28 22 25 9 28 5 36 3 35 
28 9 25 23 9 16 16 28 16 39 4 20 32 4 9 24 23 12 14 25 
19 25 34 28 29 7 35 37 6 30 25 16 15 8 21 20 23 6 37 13 
10 37 30 23 20 34 5 1 33 36 33 2 15 23 15 21 9 14 34 37 
9 24 10 27 2 0 39 25 40 6 15 38 31 28 9 40 29 27 35 6 
19 25 28 3 18 1 20 2 3 17 1 8 19 5 34 30 30 38 36 26 
14 15 28 4 11 22 34 37 17 13 29 6 8 25 20 13 3 18 16 0 
32 29 3 13 23 30 21 30 11 2 30 28 14 20 7 31 32 5 27 35 
2 0 37 37 29 33 21 36 18 25 16 25 2 29 0 22 0 0 11 6 
25 20 17 34 10 34 18 34 9 11 34 39 27 35 22 15 10 26 20 11 
26 1 3 36 5 37 33 33 1 30 3 30 10 39 30 37 12 14 40 18 
1 24 7 16 10 8 31 6 1 36 2 5 7 11 15 23 37 4 4 37 
11 13 35 1 39 13 2 19 2 30 0 38 6 34 17 7 11 25 14 23 
5 7 38 18 4 11 21 34 14 3 5 29 9 21 26 24 30 7 14 13 
38 9 4 30 4 21 12 28 11 24 2 38 15 14 13 20 2 26 3 29 
29 8 38 5 14 9 16 27 9 17 24 32 9 40 38 4 5 10 10 17 
16 6 29 19 31 40 22 24 28 0 9 4 37 23 12 19 11 4 31 12 
13 13 7 3 3 6 19 4 15 24 8 24 39 0 14 29 7 8 19 28 
34 7 33 29 19 19 6 34 26 16 15 40 20 8 5 19 16 13 22 11 
10 25 2 17 35 29 25 37 28 23 7 16 19 6 9 10 27 27 1 22 
22 20 13 24 19 9 9 37 29 3 15 32 1 6 22 10 38 7 38 40 
32 25 35 0 7 26 31 8 26 3 10 24 29 37 35 2 27 2 1 18 
12 39 10 11 3 16 14 39 17 27 29 17 13 17 27 13 0 18 40 7 
6 7 37 2 22 11 11 12 12 19 7 29 3 23 18 35 8 34 35 25 
34 13 18 24 7 40 9 1 36 26 27 0 36 13 14 18 1 14 29 19 
4 34 12 27 21 10 32 13 31 36 16 8 24 2 11 16 20 31 13 2 
25 27 12 17 15 18 7 26 5 18 0 2 15 11 18 18 23 21 32 3 
11 34 0 14 39 6 14 1 2 31 8 3 1 17 27 9 18 27 17 40 
27 26 39 40 1 26 11 19 32 1 11 33 19 16 33 34 21 12 8 14 
20 35 25 30 30 9 21 3 24 21 36 14 26 27 19 4 10 9 21 40 
24 26 1 12 29 9 24 19 3 30 32 32 26 0 26 12 11 1 30 38 
5 11 29 6 9 22 5 10 7 19 4 29 40 0 1 36 30 10 37 32 
26 10 23 6 4 4 17 11 33 33 3 37 21 27 22 15 32 34 33 37 
