561442570 1063285287 1853367538 687679709 1308218417 1681924215 359810512 1750659091 253237140 1345211322 919564026 181187346 366464105 1521366821 1704656700 1806720168 1395042484 307147498 1622411614 944095745 1217747481 1505538316 828489038 1211422206 373364788 372156975 240092024 731967487 62695057 985204628 1010745797 1904768654 886876567 123749111 913677622 1828405811 787670983 1075964647 1375303482 550892613 
1277075122 1768640094 94648401 449645484 1747385037 823010272 787078592 1063102296 1577431238 1125797354 1565511559 2136543151 1734779227 875936070 1277930067 1789613693 480317428 429801028 2137335935 1805104510 443482892 934695984 255168164 1029344385 1278275643 629245774 526056448 1416324366 505804741 846271957 1470757662 264299868 45511941 1999079095 891498980 1129525515 1418408182 1609842943 873798383 1599695231 
880081198 2043178123 507520460 150862639 584605206 1429138282 1484700224 1955194731 1300413891 313515824 94441264 1784273487 1025011789 1829785428 684034736 573800760 2132671376 1992208942 1863625396 718523678 1252200279 1598604876 1575471147 2106125336 780602752 543246894 614980131 2027947119 1865681877 1180877362 1815171932 1275318627 2028961856 152846768 2094347227 836881504 1141774465 822069232 1799044646 538210980 
1908526411 1790411260 1913702650 1218398759 2069741529 1999001511 1507435043 466497994 752839639 184696224 311760060 1999868156 1654953968 1881346364 532966009 1828209943 2132262458 822500760 1428800553 474061759 1443862327 235104522 910045329 1323524 334870019 2071065054 302941604 1431016449 151476660 36372440 1180889079 348132501 1338136476 2003086469 1648230642 388568830 647722663 373347640 469283917 1802148194 
829056151 1098526873 831755997 2008572202 2052854602 195958573 977987422 498900178 369618236 650376838 2093428923 1831265917 1522140470 1021918746 684714733 522665740 1675498940 1170388403 1341300260 1639672320 1481163338 321244823 1856130939 1153000820 84938416 1058371774 384810947 2036359196 2115699927 258493785 1735477699 204439060 1703387973 1726579530 1526901068 263810615 1738982993 1939309556 176928911 1133126168 
417023023 466805858 1755644008 175453149 807869899 260391565 56054364 645202512 1950622654 613418791 200600487 201412843 281844238 1904800816 1385006734 1284218236 863351323 875717581 1512084315 1052646493 1653005979 1469669516 2115172467 1077829877 1582856128 1885699776 2108911563 1941754140 376358898 1744893147 1049783667 1945493634 1927647495 79854224 237123558 1464860959 957893884 180728634 1470490118 1692812949 
968728872 1198335280 933773484 1166024100 1074271246 601396580 1475160574 562824495 373768766 939183393 2033279397 1988967060 1746719224 1769130908 1217476218 2006254466 1972451449 816664702 1455660613 139671172 1991516270 1108400044 1849557795 2042173528 637945550 968961127 1312033081 296638053 1780391104 670406819 1846158627 556202568 1709936136 155438144 1653567869 1372914363 914576914 1197882164 356314592 506059129 
1490865220 350091751 1676267480 52165898 880210192 690111448 685549484 2002144529 1053713271 1635051986 213576803 1333726965 1362407396 896179453 2132885249 402263674 614650272 1316840588 2060563645 1673155181 1498664542 1016536753 2045165483 545320585 338872657 1425530777 1749024605 2111080261 1308330959 1017309884 1538044131 1230886687 176476224 445810436 1117830110 431212037 1284614710 1045862310 501797827 958942307 
225040072 310123202 298374069 207805037 423873964 546677694 1239485307 148218652 1909757532 1456549611 2067598095 847110094 1411681975 1023586319 1651945308 2141416429 146988668 1278547491 2106356264 1780345318 1443911745 2005385391 1798003979 156275812 549933150 580149776 727393098 1819635083 868449659 1581908968 2026816104 1502023415 121101940 766221743 808681861 270683403 1927473819 417672071 1944644439 376544687 
773273718 1820456432 2059509848 1470976763 1406067367 2020909913 1299302580 600819363 1340756446 1469269022 691276274 1348601478 888906197 1469703419 2110122439 130901632 1177787814 2058375451 1524000681 1855536242 1503075218 481326312 1340051498 393352512 1333303590 1799419879 1906705458 951238812 4775113 144511610 1832237385 835787884 866755776 1724694082 667495910 1687332873 738919447 717637040 1228015056 94154073 
2093655353 1597229291 484784786 789797141 346890982 2123100731 82423444 1882322541 418775270 1887097654 76912470 1571851391 1083651148 291123519 1412609598 958619429 1872469679 1697538877 95737916 778070285 174542394 724241990 734673185 1209026776 1688156489 1555917759 146092376 1638341203 1702750723 2057116473 1256437032 2134028943 1645911225 1070196444 1612595853 335322394 1119129706 60308425 1343300599 156046341 
1661625565 330588736 1429696174 1065261921 1987563924 605934762 373565109 752027138 641888835 307294213 649826567 1563731245 82132043 1062158823 1953044687 527271028 487609464 1646400734 719713118 842217685 1729887057 356359602 1316819339 1786055776 2112778398 1626136052 169687919 1999701161 2012422292 494106348 1617305843 1143932915 1208734689 1226064959 1870359979 1031625998 719824015 1519235462 1777080124 91464932 
842898927 1821351989 239306466 990687681 700975927 955982431 1768580150 1125670350 1440727863 990608995 1420169790 460431190 815859315 1669165879 1273707662 1392042210 111343390 2111866225 595379851 1741462701 1921633998 436877981 1456764098 676184447 630466327 1377160374 1430304607 998256876 2082360401 291501092 1081038894 1711670882 1223650303 380046549 444843023 1653754212 697661741 1765097602 322232273 212993805 
38267737 2134627803 1575655191 1443908254 1956246677 2074374581 1145336947 1357195540 1460097567 1292072293 617983534 225627540 236300691 1449277843 1523783727 1894120867 2055825325 444298960 404765852 766531234 495169080 804798971 1022450290 232970514 78432299 41733544 511574682 1187070491 1942973942 499684410 1518390646 1117667944 657994585 1353968635 177645073 730268714 1351049773 638610391 2142068427 1043376243 
998597238 1538545323 1989753853 413511965 129851426 491944264 344323580 1003518947 1915991275 799009241 484763967 169916240 1426647847 827910825 1670325922 1005555898 1660641217 209122023 2095255472 203706802 1148917313 1202304040 1007378125 1044574246 1098809452 1174425672 1231974323 1518749253 404726037 1287256880 77162161 1772020847 867266229 1051185046 863855284 574027320 1590713053 87184889 808697565 34956713 
1070058320 1183874026 722480751 43768504 788415147 1142577956 1346293807 227068632 760207767 631794669 973130968 708956831 1355970409 1576223060 419237027 292594697 488059543 1883307750 766004082 544521668 1247655423 1614579988 784127156 189577091 1365173136 977992238 973161140 176802398 2099898397 937010165 218925238 1910141133 109972926 1118627894 1052205660 1537864921 420982066 2025924464 2024427010 644444898 
1515345020 1892100321 42653408 528743829 761213948 1893916965 474868796 719594457 415592277 672009206 988110427 890934444 122101760 1000907370 832316153 2053113030 1835125244 326611449 426274789 203554811 1709429650 1718899831 312197203 1761553239 1252025496 375283539 1022362380 850152336 969501661 1265744613 1853651108 106371392 352974391 228473152 2118409217 1060789305 1126741667 748430901 13514934 1174705690 
1692216746 736651692 968051584 1048848896 772630251 153390744 323642235 1175753124 594248677 2145254786 1536864326 1851422246 1222930771 56912989 1909904586 27838558 355024136 1154580226 1274238783 1168095160 249524594 712828258 943710236 1680879842 1251965469 306026445 1935504242 629668681 1321711703 1223917358 1973663777 613298036 584503595 1836228807 1571300213 1598649746 1471402489 1953673882 2119935666 1080429018 
1795690885 1329953612 60614149 126180200 1521869957 1378145669 989032862 1166166264 1631948891 340394319 125152410 166574449 469778175 751078044 871316929 174894610 1300694242 1646297099 737168133 1618749117 1341737184 1266956354 511650846 1327570504 1362444350 701956813 371780651 1690989675 10785634 1175454918 873707975 1300607328 202444704 1770385503 1367410241 494218785 1983541876 1794913027 258380098 384597513 
1761130985 1726334697 298868189 90501895 1110269240 1452946245 1152332313 1824726897 213078002 1835512531 1761701659 561736858 1329416116 764181562 1648208618 2131591804 2141895730 1967650032 2134396293 78546482 1598162325 1839677468 181401064 2138545657 92210306 1101331249 704976362 106179915 861248446 319257917 45491800 2080959576 530342482 1262892045 638095020 763617015 1240066343 758029098 1489467046 744941743 
2123465261 195620421 188830878 377021485 492182039 469231791 100995797 1174208154 1534536452 2035456600 508622342 2080948400 44445090 463807234 344449400 1101902255 628561867 194484950 732840718 1683951996 915666051 1659933610 790685205 1848764488 656766367 193462879 1624178779 294458676 550287458 1828995128 1943137703 190133822 1121980228 234578912 1563714798 579028313 621582735 1207590180 437479771 1940430898 
998318550 708613301 1754777750 1499298506 740774787 8581226 196003615 1632760005 825440598 35563816 1342850532 1978701519 1793725219 953198099 560923492 369429249 430024020 991011984 493609498 1428491755 93663325 279326657 1353650762 2034104407 167435392 627395546 1322166549 823399162 623872734 1648839760 1754574048 844206644 927925537 490448215 335855938 1051371707 322814652 1481395727 1517363546 1975005226 
357376042 2068668551 2053485487 1274835666 953926143 1442271058 2010431673 616953959 404729913 1240826693 982075616 847917094 1390639191 1775842631 604917216 2111698569 188624491 287029573 763343750 1804393119 619071116 14285513 754125140 2067771000 775799924 874213496 1424870254 737161521 749856098 1141891434 1723681702 2123967051 1394230302 1367122594 1555227118 1972039810 620111994 13180653 1166392597 776524403 
1540194778 1395595520 1835181862 2237012 1257520965 778036936 2122131125 55423542 1456211597 805279640 2031118762 381477694 1306459373 1775707997 210158967 1183451467 1225557130 1803563461 380501218 822472410 1339838425 215183540 165977497 2050365403 1059887569 1160402720 680527490 1135050197 1038328932 443778146 390538160 327413260 1866714440 1633872633 415046017 1844031600 935417405 922105082 1468969447 1302606300 
631562244 494961077 1189750561 660938574 1750175890 1720826144 941154508 253869986 187556669 1292198918 239238470 1682737078 672397965 1401967870 733781810 1817013888 1978617122 604947645 732048599 2073917092 307952487 557995688 99039916 1747746249 1940492747 1350438492 647381003 144109352 489319456 331666021 775036055 570904491 1388165915 1243302457 1487684761 1977084267 1283751559 1808217741 2001923439 392782692 
1875217972 700735180 95989935 799775096 1125184120 592784195 1727720801 1240165198 436643820 1729484654 437765757 357037062 2121624772 1745202977 912484362 1085404090 1520357840 221672001 585695316 76111793 1724949884 1951329765 1274716492 2047319700 424745702 1025020172 925213404 605257325 1569790459 1041901145 398549887 1479666902 1945697454 1453808027 441180183 218808741 913747178 1739166582 1047048267 177378250 
1573132048 1902328134 652467361 1029560978 531577770 1454306681 1003472374 232036437 568048529 1801826896 1862109339 52893135 1365723562 1998590590 467057115 292287125 653794759 1206034303 1062204404 105598922 1546725842 1678730970 1835093397 183714683 2023297005 715292453 1089037138 1718764828 760034596 139329709 1472933199 2001439048 1518015057 1219678963 869421294 1686736078 439636273 193047189 1749017833 1255251593 
1088293996 654493787 182414644 342103537 306096271 217916894 1884084579 1306954032 1546625677 2066988628 863510023 1392438180 233287504 762969589 1601655576 1632390884 1114827124 2072027157 1834032976 1673561342 511354103 614371690 867406200 796786335 1407172980 1102882606 514748566 839483538 1341088980 238625567 159275456 1102135590 978900980 1335423094 870721819 789595022 301795088 1904422147 2073399195 1590971475 
805287600 2102325578 191669792 822248130 2067639169 81937463 2014041792 596686029 1119914800 1937775010 145292789 2097050466 563108957 928467798 1743894715 1799189617 262104061 2100984705 852340564 2026900253 968654762 684704205 1699340650 876373997 1079329225 796529518 1562200406 663087662 737071478 1783002463 150568116 1928295252 666200345 343920561 369772020 2087815277 862938717 202435690 1113043914 1054776255 
806636938 2023431017 455071892 1575288019 925754977 507133596 1478375525 2069334002 480198455 658921832 1419796394 809489949 161477504 1475690294 1979110059 1845462314 1300964936 560917383 576320870 1673961297 1878577057 333114587 1718053801 788186480 286420894 1713941457 1798801153 1044833335 1826785426 1525031790 1490288515 797344536 934603207 958822040 722838461 790448452 451405344 2091413388 382407918 520250610 
1368186746 251344019 82429296 1969397820 371959864 108335066 1168624029 1907136219 1887138548 1586437997 1117091251 929242864 1156533904 1863846072 524183202 439200885 1737294815 890606230 1363840163 1273014148 516863160 493717246 3000745 576146542 277324810 948106407 118106685 2116730436 1003721894 1856385336 1266885246 825992939 179909486 1982526843 51755766 359226398 714050499 2096521213 1320274971 1312877728 
299266406 1829740888 1677085507 1832741634 729335133 2110066444 2037403472 80689481 957640735 1084411376 1464315995 203812974 752750471 383722460 1905031020 435478226 1349028806 1149528725 1683632822 322320049 1143767338 621586455 1097619100 151188314 1627617405 880523447 958238469 770443272 258106321 1728084007 1414359509 1044916354 1249121989 1797666825 918927664 1555214197 947959737 756759355 926029375 292908529 
69493093 1436675867 1042697699 386811320 1701160292 2014428725 174722033 825183547 876456903 1083289868 515119502 350165730 357595074 1599287719 583793107 370731735 1245469366 1318691472 909190702 97237199 895232088 166730292 1502859928 1209427991 114192435 763104635 1753532038 937826668 2015831264 1814283572 1858730850 181919426 599063141 539514500 1137062258 1123307607 1082791925 221293325 1785280947 1130484028 
633194850 2025716116 917784621 1381092396 1589185712 1495284832 2127531881 1101333222 1343577948 969680838 1642913884 680928040 144931902 1279991182 246237639 269569792 718275111 1352361717 361520407 990159016 102002902 1623353867 9215689 393654840 1125856468 1982840553 858118234 1962888786 1528206668 1158983086 1865095027 654413323 236419163 799345225 1294741448 1045582865 1328887693 1763857976 1584327263 2125378384 
822767213 79897638 2086923279 89113328 437204445 1214969796 282770444 2073088030 1229669664 1453811050 998766075 1171422429 1448790527 1407841593 1031322512 555099393 883424290 1883987086 2087887786 1320830701 2135026650 2143597914 1658035733 2083037545 1574699656 372758343 1326720485 655528787 894146451 1885198451 1620555504 736480879 853894232 37787758 886578186 1069110270 1964845004 1952534561 512002503 1892938699 
1184538386 1880481701 1936971908 1391033786 631035109 818249794 540068107 2144970279 374705486 891633083 1663153916 364704939 1975541128 1218599172 1548286284 2105177358 1676130834 1922538714 1540478823 287057570 578173865 1471595956 1759466821 1261084216 728830027 1892119326 70951576 284703785 68601912 659409271 1951450700 175079540 275813070 3137020 785446847 1551423304 216707246 1080070491 1600502206 473065666 
582268569 1051239531 1444516633 663222704 1550314835 1392052732 326879183 1463004308 1248413811 1531606221 914097874 1335573273 944486877 1611386343 45991403 249349542 1252673288 466056788 86926591 2066558994 1355721112 501343915 1948627941 1945860548 1655135339 1348691735 1106278415 1675570919 842125276 776501082 1237381409 1690598957 1807717081 487602186 233706126 533593589 211118475 1786266877 1268601315 1873193468 
651666173 1081430932 1085970562 882575226 36014007 390226917 378110185 1496505333 35727023 191146961 1224950082 1428528370 1602262766 1088761804 1443478145 1322467930 1534043067 1533586405 2090664778 654704072 418878187 1306370245 1395919159 244857159 23853384 280871166 479345 658981351 1652676224 694708374 1933890538 1919658456 1758220161 1374437574 2070151970 670432072 768193721 56991491 1252502349 172621 
1462520797 419050808 606486530 1814969968 633027489 1838823352 1049795366 1839302697 815584927 1344495274 772521450 1130902164 10502696 741638678 337245745 664307000 1986456725 1432500721 874286813 537519422 416820974 2000040220 1265725379 459043102 212003296 1092070592 1586636027 2141865958 1472766461 809967237 2053605270 1582488688 259135240 1592991384 1986586432 1930237129 89502400 1769210206 396893507 496013372 
704457236 912834346 1431071774 31076077 1825172631 243079373 1910613193 1829715400 1687872805 1154998214 662144042 1061119836 767317444 1320255076 1614129524 1159357860 977764957 1248860260 1773901111 1645753768 960073039 202727356 2146285188 1633799130 1644056791 1311488114 86415338 1074617659 670639843 615006816 2064831585 1277150859 746544720 2044468303 1021249238 1511114180 1078707238 341395489 757891797 2115296600 
933089727 927885991 2021122004 926687531 992746710 423260674 207450789 509676012 1251870269 1180315855 1303804315 1097663793 269374550 1844208513 555199861 717974103 2000383032 1796681342 399459168 407089491 444289072 1340179218 691846333 1213817574 425719076 59080636 1471079933 266531426 1443574801 1518401695 2031076486 674722363 1748245382 944096913 1362398934 1499296774 340183017 1352196158 1806846238 1751655327 
1093838762 48460751 1308717278 740307084 302799678 1166026160 1867626400 489622445 1794645486 1933197247 754496780 1816790085 812011867 1417551820 566251819 632467106 1038465875 972650123 1159877624 632012713 1688378865 1725851476 1409575676 887085106 197106413 1189884784 1191201435 910027536 304344235 557189375 935888731 1311686155 94671941 2123698023 197552065 542466194 1799728962 1580932069 459134722 593326046 
870195809 134221263 1329717648 1543796939 382062923 1740903352 600434358 784621140 1308428239 1088965375 1802135719 2024854106 1965149637 2119526048 1398231726 169594465 1463780922 1969323427 354496593 280974502 2024708625 1151170311 1125804838 333404311 1113986157 715467234 144568612 1315901593 85178604 476846184 582977971 131498256 244979846 2096647893 2030679743 1347395971 63878539 663693245 1825493053 1018189838 
2032949964 895414816 227144491 2021219654 2112619604 987722163 1444030774 1132290775 1560063084 1217469380 617577122 1800447351 1699945266 2045427197 606872162 1928623293 1830877171 1992501832 729238311 1670511237 2056057602 1555977554 239079908 1783122045 902990173 1748258001 134884025 1044805128 682679470 457384564 1707321100 1074961686 715977337 627423304 1821281468 1234295466 2126497922 917688989 947923973 1646927301 
787539863 1555501255 1522570569 1794581163 2131337281 550087688 1580342508 684971714 14154863 1367651184 1812920245 927488636 1117165683 1643465974 319354671 1317263794 1450166951 1296278068 278513768 96718393 777371823 884258257 684723783 259345178 227714141 243198812 1518962500 1823541320 1707532339 1837696183 206003094 1503132781 1926919184 472814816 2127774931 792169487 1415442496 94852791 1620799050 373366559 
1325599258 1150738382 438417072 1835462166 1345816050 2063176307 655819068 1434655159 650793800 994703850 2013419716 1200706944 8566973 980142481 1794663852 960433764 603057229 228392612 707728674 1849191662 909118513 1027307272 1994766608 1465724345 1192276234 664056747 632984672 1319875815 1897234431 1970669615 704213077 1836605683 1014324504 1845172657 1797250747 1492352861 1224862830 2095410091 747327704 655655117 
643159138 1564773630 1689728954 1412056591 276793640 456849177 927034633 1089833850 864447137 839584633 1796563491 1543797710 1781903141 410638566 599901625 60405665 378333872 1285268496 385158732 2032596200 93691606 528271690 829531752 70516996 883612596 347310636 1601750186 1274345269 1492279944 2138792406 1205995668 1787872249 608833428 1422291743 1856843845 2022193368 302239828 253043592 843045901 638202324 
2039507092 731893930 505774618 1561425683 384098734 297554631 719272028 1899304817 2144279172 1244101113 113903653 302613134 1774809492 911446562 1698870249 620806760 1683336672 923046588 805587942 1766092489 1960435413 1658115934 1496070927 16406904 1102223437 400505638 1055686583 1119777667 136011351 1116573191 1355128526 1230476845 67150654 857802689 201464525 409189291 210488116 2092525963 472555299 750630257 
1372824807 563582023 857504598 2059652950 1903610071 1014392739 1099786528 2070079322 47784154 58607026 239882893 1413735552 734594767 1480886206 2140753203 1682350731 2020234751 1892838847 675279239 217910498 1096416216 1590735306 1028185480 300756256 976361647 56882679 1325043453 1156669207 646019278 1204453361 1083568295 1444336255 604110508 31447374 982455411 24716929 1769989605 2044951680 355082466 572747271 
1838289233 1669163487 1737594374 549865319 1549068818 1526226967 227452352 703786772 975915209 1349806051 1782985092 285890698 1856306879 890001206 1263031224 1872456618 204622652 1494962575 1039052927 1850045042 2091393701 1540850627 439502484 1130961353 1235851172 532546523 2089082539 759998876 1951499465 1735914085 870886105 1371415530 1234609000 1080238761 1629779269 195786338 2049666467 400408990 219538049 1439461918 
1109640550 1383371971 1521422891 1822874455 335586903 911241979 675977882 852840870 1720155633 656856688 1966655788 1527742793 351562992 614868146 1773955051 97163767 773836432 2146830235 1268680389 218884636 1466085739 1328525187 1056858069 702464430 1778591752 1038051333 885388310 1714029215 752183745 1286701200 207409617 1105873340 1034051019 1457436333 793447534 1083907736 748630388 1857744169 1104222232 978940910 
