577437215 143178726 1802572483 1799233683 1610695631 1697144830 890117155 1870464947 1333267971 485463645 1393557142 543915709 1874586284 1615408917 951966463 583988229 37306508 1773963288 747983652 1515450385 647910977 713639137 
1305589888 1196556829 579166829 207697603 2103067764 1733898061 1383918121 377534697 515940404 1322850063 874506252 682976441 599203049 141756931 755867970 1417383757 
461608414 123204721 337554739 108639282 95969100 1107332566 1751737835 2128745227 1924227022 650868717 1123559445 1715725394 1662935226 838925786 1554252777 865846426 308977413 1119625673 1245093316 451326984 1169571909 772900257 636948247 1461622789 
777374883 734948415 681079145 2021912843 144808010 1939457669 716167332 1762680168 1256524081 506060707 1273986264 1358131385 311859226 1995061991 69444267 1210911548 893333907 1986437271 1193353426 380509317 178065080 1197699240 2078549373 1863090086 994244506 321851486 
1956021008 160715005 916350768 1468854062 205523763 1792762381 1348809889 601509202 1147511485 319308630 504253031 761812811 23432104 277264389 1433815305 1999607582 285353347 1994675953 
1059566101 1959558365 1896595622 1290957677 1055026196 947921995 1021412660 1854894461 109987193 1931875017 1595381604 684863770 681446038 548509401 963235673 735937718 2097599619 928056842 68734876 2103359445 
466686896 811940865 23062189 1864272763 1719005510 597353187 2026774509 1052818916 92244623 256825559 593333506 212409675 496387191 439148632 1205142902 646252101 930545146 1619772932 356579531 859095655 978467039 2082940701 1781507959 841834532 1742035879 1125447706 
449549730 1922824791 1098168837 2045875316 541909246 1082587660 319572965 1221796467 170722958 1509983296 334335742 151984537 1659861792 339740287 1887329 345786667 548048628 692368543 1411763102 1539963760 1749146145 15405690 983459672 1075563677 
229150462 2123044746 301397243 1217966036 1299296835 18186358 827873515 847295153 709691201 1535321496 1799802056 1842533461 1364438702 1022178046 310586254 1659721992 155156584 1115296009 387717293 1744224864 866446832 536983346 
710174721 1024875909 1073492800 1660316701 624443280 985072486 1108949115 1835905917 646346768 1536129205 457003637 1667475154 647438953 1367430644 
1137215215 328342428 1230261749 1684692770 1363056687 1170598296 49427405 1749801284 1090462563 1347118159 
653635872 480733465 968851584 219848145 1403384829 999114641 1775497886 1820445510 500786664 1209425786 6046380 1705812977 1398206829 1538118450 1199568276 1636289888 1844005667 499676837 1771878070 2081617841 
601854194 558189012 187161534 305385907 7438469 641440610 1719609524 664502799 1185037200 397641365 1151978198 1132036857 260530018 875295031 652489423 924801876 1768125357 1496424773 1431973591 1169053079 2066212151 310409559 1222590256 1891292515 
1684755603 741572589 605667344 1963799634 790413831 1091359264 1126260595 824765827 1363333205 1710458317 1399689571 344446575 1340179474 150670286 
